,,0,,,0,-1711826,Pavement (1),8.780318,,,0,,,0,,,0,-1711804,RoadBlock,9.237605,-1711804,RoadBlock,8.513423,-1711804,RoadBlock,8.123414,-1711804,RoadBlock,8.000001,-1711804,RoadBlock,8.123414,-1711804,RoadBlock,8.513424,-1711804,RoadBlock,9.237607,,,0,,,0,,,0,,,0,,,0,,,0,,,0,,,0,,,0,,,0,,,0,,,0,-1714764,Victim,3.180075,-1714764,Victim,3.097105,-1714764,Victim,3.110461,-1714764,Victim,3.222264,-1714764,Victim,3.452006,,,0,,,0,,,0,,,0,,,0,,,0,2.803243E-12,0,False,False,0,0,False,True,4.052196,0,0,0
,,0,,,0,-1711826,Pavement (1),8.774149,,,0,,,0,,,0,-1711804,RoadBlock,9.239374,-1711804,RoadBlock,8.515342,-1711804,RoadBlock,8.125425,-1711804,RoadBlock,8.002044,-1711804,RoadBlock,8.125425,-1711804,RoadBlock,8.515344,-1711804,RoadBlock,9.239375,,,0,,,0,,,0,,,0,,,0,,,0,,,0,,,0,,,0,,,0,,,0,,,0,-1714764,Victim,3.173763,-1714764,Victim,3.100837,-1714764,Victim,3.12452,-1714764,Victim,3.247698,-1714764,Victim,3.491838,,,0,,,0,,,0,,,0,,,0,,,0,2.792042E-12,0,False,False,0,0,False,True,4.047724,0,0,0
,,0,,,0,-1711826,Pavement (1),8.771728,,,0,,,0,,,0,-1711804,RoadBlock,9.249784,-1711804,RoadBlock,8.526635,-1711804,RoadBlock,8.13726,-1711804,RoadBlock,8.014061,-1711804,RoadBlock,8.13726,-1711804,RoadBlock,8.526637,-1711804,RoadBlock,9.249785,,,0,,,0,,,0,,,0,,,0,,,0,,,0,,,0,,,0,,,0,,,0,,,0,-1714764,Victim,3.200065,-1714764,Victim,3.132619,-1714764,Victim,3.162345,-1714764,Victim,3.291522,-1714764,Victim,3.542645,,,0,,,0,,,0,,,0,,,0,,,0,2.775323E-12,0,False,False,0,0,False,True,4.050447,0,0,0
,,0,,,0,-1711826,Pavement (1),8.774562,,,0,,,0,,,0,-1711804,RoadBlock,9.25944,-1711804,RoadBlock,8.537111,-1711804,RoadBlock,8.148237,-1711804,RoadBlock,8.025207,-1711804,RoadBlock,8.148238,-1711804,RoadBlock,8.537115,-1711804,RoadBlock,9.259446,,,0,,,0,,,0,,,0,,,0,,,0,,,0,,,0,,,0,,,0,,,0,,,0,-1714764,Victim,3.23453,-1714764,Victim,3.162507,-1714764,Victim,3.193821,-1714764,Victim,3.324066,-1714764,Victim,3.575897,,,0,,,0,,,0,,,0,,,0,,,0,-0.002284656,0,False,False,0,0,False,True,4.068126,0,0,0
,,0,,,0,-1711826,Pavement (1),8.774693,,,0,,,0,,,0,-1711804,RoadBlock,9.261733,-1711804,RoadBlock,8.540413,-1711804,RoadBlock,8.152444,-1711804,RoadBlock,8.030191,-1711804,RoadBlock,8.15385,-1711804,RoadBlock,8.543185,-1711804,RoadBlock,9.265794,,,0,,,0,,,0,,,0,,,0,,,0,,,0,,,0,,,0,,,0,,,0,,,0,-1714764,Victim,3.266046,-1714764,Victim,3.182048,-1714764,Victim,3.211599,-1714764,Victim,3.339781,-1714764,Victim,3.589093,,,0,,,0,,,0,,,0,,,0,,,0,-0.004506204,0,False,False,0,0,False,True,4.091653,0,0,0
,,0,,,0,-1711826,Pavement (1),8.773419,,,0,,,0,,,0,-1711804,RoadBlock,9.258856,-1711804,RoadBlock,8.537448,-1711804,RoadBlock,8.149484,-1711804,RoadBlock,8.027322,-1711804,RoadBlock,8.151158,-1711804,RoadBlock,8.540752,-1711804,RoadBlock,9.263696,,,0,,,0,,,0,,,0,,,0,,,0,,,0,,,0,,,0,,,0,,,0,,,0,-1714764,Victim,3.279873,-1714764,Victim,3.178558,-1714764,Victim,3.204866,-1714764,Victim,3.329684,-1714764,Victim,3.574826,-1714764,Victim,4.028642,,,0,,,0,,,0,,,0,,,0,-0.008527512,0,False,False,0,0,False,True,4.11035,0,0,0
,,0,,,0,-1711826,Pavement (1),8.772775,,,0,,,0,,,0,-1711804,RoadBlock,9.255104,-1711804,RoadBlock,8.532771,-1711804,RoadBlock,8.144027,-1711804,RoadBlock,8.021251,-1711804,RoadBlock,8.144658,-1711804,RoadBlock,8.534018,-1711804,RoadBlock,9.256927,,,0,,,0,,,0,,,0,,,0,,,0,,,0,,,0,,,0,,,0,,,0,,,0,,,0,-1714764,Victim,3.171116,-1714764,Victim,3.193118,-1714764,Victim,3.313694,-1714764,Victim,3.553601,-1714764,Victim,3.985003,,,0,,,0,,,0,,,0,,,0,0.001579394,0,False,False,0,0,False,True,4.136247,0,0,0
,,0,,,0,-1711826,Pavement (1),8.773457,,,0,,,0,,,0,-1711804,RoadBlock,9.254231,-1711804,RoadBlock,8.531179,-1711804,RoadBlock,8.141781,-1711804,RoadBlock,8.018428,-1711804,RoadBlock,8.141341,-1711804,RoadBlock,8.530301,-1711804,RoadBlock,9.252905,,,0,,,0,,,0,,,0,,,0,,,0,,,0,,,0,,,0,,,0,,,0,,,0,,,0,-1714764,Victim,3.17008,-1714764,Victim,3.187193,-1714764,Victim,3.303408,-1714764,Victim,3.537773,-1714764,Victim,3.948831,,,0,,,0,,,0,,,0,,,0,0.03336538,0,False,False,0,0,False,True,4.159825,0,0.1676559,0
,,0,,,0,-1711826,Pavement (1),8.773041,,,0,,,0,,,0,-1711804,RoadBlock,9.254221,-1711804,RoadBlock,8.530537,-1711804,RoadBlock,8.140504,-1711804,RoadBlock,8.016549,-1711804,RoadBlock,8.138917,-1711804,RoadBlock,8.527413,-1711804,RoadBlock,9.249661,,,0,,,0,,,0,,,0,,,0,,,0,,,0,,,0,,,0,,,0,,,0,,,0,,,0,-1714764,Victim,3.187811,-1714764,Victim,3.186209,-1714764,Victim,3.295546,-1714764,Victim,3.521236,-1714764,Victim,3.906737,,,0,,,0,,,0,,,0,,,0,0.04111242,0,False,False,0,0,False,True,4.201462,0,0.284672,0
,,0,,,0,-1711826,Pavement (1),8.77272,,,0,,,0,,,0,-1711804,RoadBlock,9.254968,-1711804,RoadBlock,8.53105,-1711804,RoadBlock,8.140751,-1711804,RoadBlock,8.016512,-1711804,RoadBlock,8.138599,-1711804,RoadBlock,8.526831,-1711804,RoadBlock,9.248852,,,0,,,0,-1711826,Pavement (1),9.168612,-1711826,Pavement (1),8.781212,,,0,,,0,,,0,,,0,,,0,,,0,,,0,,,0,,,0,-1714764,Victim,3.221303,-1714764,Victim,3.190324,-1714764,Victim,3.292906,-1714764,Victim,3.510172,-1714764,Victim,3.883043,,,0,,,0,,,0,,,0,,,0,0.07128052,0,False,False,0,0,False,True,4.250472,0,0.4391396,0
,,0,,,0,-1711826,Pavement (1),8.774426,,,0,,,0,,,0,-1711804,RoadBlock,9.255559,-1711804,RoadBlock,8.531822,-1711804,RoadBlock,8.141726,-1711804,RoadBlock,8.017682,-1711804,RoadBlock,8.13993,-1711804,RoadBlock,8.528268,-1711804,RoadBlock,9.250309,,,0,,,0,,,0,,,0,,,0,,,0,,,0,,,0,,,0,,,0,,,0,,,0,,,0,,,0,-1714764,Victim,3.200286,-1714764,Victim,3.295713,-1714764,Victim,3.504636,-1714764,Victim,3.865804,,,0,,,0,,,0,,,0,,,0,0.1576663,0,False,False,0,0,False,True,4.310151,0,0.5915166,0
,,0,,,0,-1711826,Pavement (1),8.77184,,,0,,,0,,,0,-1711804,RoadBlock,9.254649,-1711804,RoadBlock,8.531531,-1711804,RoadBlock,8.142,-1711804,RoadBlock,8.018485,-1711804,RoadBlock,8.141237,-1711804,RoadBlock,8.530067,-1711804,RoadBlock,9.25261,,,0,,,0,,,0,,,0,,,0,,,0,,,0,,,0,,,0,,,0,,,0,,,0,,,0,,,0,-1714764,Victim,3.225307,-1714764,Victim,3.2994,-1714764,Victim,3.500702,-1714764,Victim,3.851369,-1714764,Victim,4.463878,,,0,,,0,,,0,,,0,0.3962908,0,False,False,0,0,False,True,4.381715,0,0.7439372,0
,,0,,,0,-1711826,Pavement (1),8.771226,,,0,,,0,,,0,-1711804,RoadBlock,9.254157,-1711804,RoadBlock,8.531386,-1711804,RoadBlock,8.142197,-1711804,RoadBlock,8.019013,-1711804,RoadBlock,8.142083,-1711804,RoadBlock,8.531208,-1711804,RoadBlock,9.25402,,,0,,,0,,,0,,,0,,,0,,,0,,,0,,,0,,,0,,,0,,,0,,,0,,,0,,,0,-1714764,Victim,3.269609,-1714764,Victim,3.305787,-1714764,Victim,3.499979,-1714764,Victim,3.840984,-1714764,Victim,4.407418,,,0,,,0,,,0,,,0,0.6290617,0,False,False,0,0,False,True,4.467376,0,0.9045739,0
,,0,,,0,-1711826,Pavement (1),8.776461,,,0,,,0,,,0,-1711804,RoadBlock,9.255252,-1711804,RoadBlock,8.532011,-1711804,RoadBlock,8.142478,-1711804,RoadBlock,8.019004,-1711804,RoadBlock,8.141783,-1711804,RoadBlock,8.530566,-1711804,RoadBlock,9.252913,,,0,,,0,,,0,,,0,,,0,,,0,,,0,,,0,,,0,,,0,,,0,,,0,,,0,,,0,,,0,-1714764,Victim,3.310722,-1714764,Victim,3.500152,-1714764,Victim,3.835362,-1714764,Victim,4.389902,,,0,,,0,,,0,,,0,0.9042749,0,False,False,0,0,False,True,4.525289,0,1,0
,,0,,,0,-1711826,Pavement (1),8.783451,,,0,,,0,,,0,-1711804,RoadBlock,9.256914,-1711804,RoadBlock,8.532908,-1711804,RoadBlock,8.142772,-1711804,RoadBlock,8.018764,-1711804,RoadBlock,8.141021,-1711804,RoadBlock,8.529228,-1711804,RoadBlock,9.250854,,,0,,,0,,,0,,,0,,,0,,,0,,,0,,,0,,,0,,,0,,,0,,,0,,,0,,,0,,,0,-1714764,Victim,3.339895,-1714764,Victim,3.50403,-1714764,Victim,3.831911,-1714764,Victim,4.374554,,,0,,,0,,,0,,,0,1.085577,0,False,False,0,0,False,True,4.642622,0,1,0
,,0,,,0,-1711826,Pavement (1),8.782546,,,0,,,0,,,0,-1711804,RoadBlock,9.25685,-1711804,RoadBlock,8.532829,-1711804,RoadBlock,8.142652,-1711804,RoadBlock,8.018598,-1711804,RoadBlock,8.140813,-1711804,RoadBlock,8.528997,-1711804,RoadBlock,9.250641,,,0,,,0,,,0,,,0,,,0,,,0,,,0,,,0,,,0,,,0,,,0,,,0,,,0,,,0,,,0,-1714764,Victim,3.489867,-1714764,Victim,3.508299,-1714764,Victim,3.830723,-1714764,Victim,4.364698,,,0,,,0,,,0,,,0,1.269181,0,False,False,0,0,False,True,4.766391,0,1,0
,,0,,,0,-1711826,Pavement (1),8.782917,,,0,,,0,,,0,-1711804,RoadBlock,9.257103,-1711804,RoadBlock,8.532949,-1711804,RoadBlock,8.142642,-1711804,RoadBlock,8.018463,-1711804,RoadBlock,8.140558,-1711804,RoadBlock,8.528632,-1711804,RoadBlock,9.250174,,,0,,,0,,,0,,,0,,,0,,,0,,,0,,,0,,,0,,,0,,,0,,,0,,,0,,,0,,,0,-1714764,Victim,4.808698,-1714764,Victim,3.524731,-1714764,Victim,3.83274,-1714764,Victim,4.358817,-1714764,Victim,5.287036,,,0,,,0,,,0,1.55392,0,False,False,0,0,False,True,4.910033,0,1,0
,,0,,,0,-1711826,Pavement (1),8.78305,,,0,,,0,,,0,-1711804,RoadBlock,9.257196,-1711804,RoadBlock,8.53301,-1711804,RoadBlock,8.14267,-1711804,RoadBlock,8.018459,-1711804,RoadBlock,8.140524,-1711804,RoadBlock,8.528571,-1711804,RoadBlock,9.250089,,,0,,,0,,,0,,,0,,,0,,,0,,,0,,,0,,,0,,,0,,,0,,,0,,,0,,,0,,,0,,,0,-1714764,Victim,3.572346,-1714764,Victim,3.835153,-1714764,Victim,4.355123,-1714764,Victim,5.225778,,,0,,,0,,,0,1.754143,0,False,False,0,0,False,True,5.073838,0,1,0
,,0,,,0,-1711826,Pavement (1),8.783189,,,0,,,0,,,0,-1711804,RoadBlock,9.257252,-1711804,RoadBlock,8.533072,-1711804,RoadBlock,8.142741,-1711804,RoadBlock,8.018539,-1711804,RoadBlock,8.140615,-1711804,RoadBlock,8.528671,-1711804,RoadBlock,9.250198,,,0,,,0,,,0,,,0,,,0,,,0,,,0,,,0,,,0,,,0,,,0,,,0,,,0,,,0,,,0,,,0,-1714764,Victim,4.183155,-1714764,Victim,3.839799,-1714764,Victim,4.354825,-1714764,Victim,5.215562,,,0,,,0,,,0,2.066109,0,False,False,0,0,False,True,5.233225,0,1,0
,,0,,,0,-1711826,Pavement (1),8.78327,,,0,,,0,,,0,-1711804,RoadBlock,9.25726,-1711804,RoadBlock,8.533102,-1711804,RoadBlock,8.142795,-1711804,RoadBlock,8.018617,-1711804,RoadBlock,8.140717,-1711804,RoadBlock,8.528796,-1711804,RoadBlock,9.250344,,,0,,,0,,,0,,,0,,,0,,,0,,,0,,,0,,,0,,,0,,,0,,,0,,,0,,,0,,,0,,,0,-1714764,Victim,4.687457,-1714764,Victim,3.855863,-1714764,Victim,4.35516,-1714764,Victim,5.210552,,,0,,,0,,,0,2.377876,0,False,False,0,0,False,True,5.316257,0,1,0
,,0,,,0,-1711826,Pavement (1),8.783405,,,0,,,0,,,0,-1711804,RoadBlock,9.257275,-1711804,RoadBlock,8.533147,-1711804,RoadBlock,8.142873,-1711804,RoadBlock,8.01873,-1711804,RoadBlock,8.140863,-1711804,RoadBlock,8.528976,-1711804,RoadBlock,9.250558,,,0,,,0,,,0,,,0,,,0,,,0,,,0,,,0,,,0,,,0,,,0,,,0,,,0,,,0,,,0,,,0,,,0,-1714764,Victim,3.930234,-1714764,Victim,4.357829,-1714764,Victim,5.205852,,,0,,,0,,,0,2.584566,0,False,False,0,0,False,True,5.54628,0,1,0
,,0,,,0,-1711826,Pavement (1),8.783517,,,0,,,0,,,0,-1711804,RoadBlock,9.257302,-1711804,RoadBlock,8.533185,-1711804,RoadBlock,8.142922,-1711804,RoadBlock,8.018793,-1711804,RoadBlock,8.140941,-1711804,RoadBlock,8.529068,-1711804,RoadBlock,9.250666,,,0,,,0,,,0,,,0,,,0,,,0,,,0,,,0,,,0,,,0,,,0,,,0,,,0,,,0,,,0,,,0,,,0,-1714764,Victim,4.545393,-1714764,Victim,4.360553,-1714764,Victim,5.202779,,,0,,,0,,,0,2.790329,0,False,False,0,0,False,True,5.777183,0,1,0
,,0,,,0,-1711826,Pavement (1),8.783717,,,0,,,0,,,0,-1711804,RoadBlock,9.257377,-1711804,RoadBlock,8.533258,-1711804,RoadBlock,8.142998,-1711804,RoadBlock,8.018874,-1711804,RoadBlock,8.141028,-1711804,RoadBlock,8.529163,-1711804,RoadBlock,9.250771,,,0,,,0,,,0,,,0,,,0,,,0,,,0,,,0,,,0,,,0,,,0,,,0,,,0,,,0,,,0,,,0,,,0,-1714764,Victim,5.095759,-1714764,Victim,4.385357,-1714764,Victim,5.20214,,,0,,,0,,,0,3.097298,0.001979389,False,False,0,0,False,True,5.973702,0,1,0
,,0,,,0,-1711826,Pavement (1),8.783868,,,0,,,0,,,0,-1711804,RoadBlock,9.257443,-1711804,RoadBlock,8.533318,-1711804,RoadBlock,8.143051,-1711804,RoadBlock,8.018925,-1711804,RoadBlock,8.141076,-1711804,RoadBlock,8.529211,-1711804,RoadBlock,9.25082,,,0,,,0,,,0,,,0,,,0,,,0,,,0,,,0,,,0,,,0,,,0,,,0,,,0,,,0,,,0,,,0,,,0,-1714764,Victim,5.48711,-1714764,Victim,4.418201,-1714764,Victim,5.202146,-1714764,Victim,6.735506,,,0,,,0,3.402372,0,False,False,0,0,False,True,6.0661,0,1,0
,,0,,,0,-1711826,Pavement (1),8.783945,,,0,,,0,,,0,-1711804,RoadBlock,9.257478,-1711804,RoadBlock,8.533348,-1711804,RoadBlock,8.143079,-1711804,RoadBlock,8.018949,-1711804,RoadBlock,8.141099,-1711804,RoadBlock,8.529233,-1711804,RoadBlock,9.250842,,,0,,,0,,,0,,,0,,,0,,,0,,,0,,,0,,,0,,,0,,,0,,,0,,,0,,,0,,,0,,,0,,,0,-1714764,Victim,5.663567,-1714764,Victim,4.464227,-1714764,Victim,5.202268,-1714764,Victim,6.710935,,,0,,,0,3.705642,0.001979389,False,False,0,0,False,True,6.022952,0,1,0
,,0,,,0,-1711826,Pavement (1),8.784287,,,0,,,0,,,0,-1711804,RoadBlock,9.257631,-1711804,RoadBlock,8.533483,-1711804,RoadBlock,8.1432,-1711804,RoadBlock,8.01906,-1711804,RoadBlock,8.141203,-1711804,RoadBlock,8.529334,-1711804,RoadBlock,9.250945,,,0,,,0,,,0,,,0,,,0,,,0,,,0,,,0,,,0,,,0,,,0,,,0,,,0,,,0,,,0,,,0,,,0,,,0,-1714764,Victim,5.220217,-1714764,Victim,5.205383,-1714764,Victim,6.674832,,,0,,,0,3.906835,0.001979389,False,False,0,0,False,True,6.504694,-1,1,0
,,0,,,0,-1711826,Pavement (1),8.784566,,,0,,,0,,,0,-1711804,RoadBlock,9.257749,-1711804,RoadBlock,8.533591,-1711804,RoadBlock,8.143301,-1711804,RoadBlock,8.019156,-1711804,RoadBlock,8.141299,-1711804,RoadBlock,8.529432,-1711804,RoadBlock,9.25105,,,0,,,0,,,0,,,0,,,0,,,0,,,0,,,0,,,0,,,0,,,0,,,0,,,0,,,0,,,0,,,0,,,0,,,0,-1714764,Victim,5.689211,-1714764,Victim,5.21545,-1714764,Victim,6.671564,,,0,,,0,4.107235,0.001979389,False,False,0,0,False,True,6.79837,-1,1,0
,,0,,,0,-1711826,Pavement (1),8.784758,,,0,,,0,,,0,-1711804,RoadBlock,9.257828,-1711804,RoadBlock,8.533665,-1711804,RoadBlock,8.143373,-1711804,RoadBlock,8.019227,-1711804,RoadBlock,8.141371,-1711804,RoadBlock,8.529509,-1711804,RoadBlock,9.251132,,,0,,,0,,,0,,,0,,,0,,,0,,,0,,,0,,,0,,,0,,,0,,,0,,,0,,,0,,,0,,,0,,,0,,,0,-1714764,Victim,6.241208,-1714764,Victim,5.289585,-1714764,Victim,6.669651,,,0,,,0,4.306831,0.001979389,False,False,0,0,False,True,7.079301,-1,1,0
,,0,,,0,-1711826,Pavement (1),8.785061,,,0,,,0,,,0,-1711804,RoadBlock,9.257951,-1711804,RoadBlock,8.53378,-1711804,RoadBlock,8.143485,-1711804,RoadBlock,8.019341,-1711804,RoadBlock,8.141488,-1711804,RoadBlock,8.529632,-1711804,RoadBlock,9.251265,,,0,,,0,,,0,,,0,,,0,,,0,,,0,,,0,,,0,,,0,,,0,,,0,,,0,,,0,,,0,,,0,,,0,,,0,,,0,-1714764,Victim,5.582343,-1714764,Victim,6.667845,,,0,,,0,4.604704,0,False,False,0,0,False,True,7.289116,-1,1,0
,,0,,,0,-1711826,Pavement (1),8.785274,,,0,,,0,,,0,-1711804,RoadBlock,9.258035,-1711804,RoadBlock,8.53386,-1711804,RoadBlock,8.143563,-1711804,RoadBlock,8.01942,-1711804,RoadBlock,8.14157,-1711804,RoadBlock,8.529718,-1711804,RoadBlock,9.251361,,,0,,,0,,,0,,,0,,,0,,,0,,,0,,,0,,,0,,,0,,,0,,,0,,,0,,,0,,,0,,,0,,,0,,,0,,,0,-1714764,Victim,6.006405,-1714764,Victim,6.666483,,,0,,,0,4.802267,0,False,False,0,0,False,True,7.556495,-1,1,0
,,0,,,0,-1711826,Pavement (1),8.785613,,,0,,,0,,,0,-1711804,RoadBlock,9.258172,-1711804,RoadBlock,8.533987,-1711804,RoadBlock,8.143687,-1711804,RoadBlock,8.019543,-1711804,RoadBlock,8.141697,-1711804,RoadBlock,8.529853,-1711804,RoadBlock,9.251505,,,0,,,0,,,0,,,0,,,0,,,0,,,0,,,0,,,0,,,0,,,0,,,0,,,0,,,0,,,0,,,0,,,0,,,0,,,0,-1714764,Victim,6.297307,-1714764,Victim,6.664743,,,0,,,0,5.097085,0,False,False,0,0,False,True,7.742157,-1,1,0
,,0,,,0,-1711826,Pavement (1),8.785818,,,0,,,0,,,0,-1711804,RoadBlock,9.258177,-1711804,RoadBlock,8.533989,-1711804,RoadBlock,8.143691,-1711804,RoadBlock,8.019552,-1711804,RoadBlock,8.141719,-1711804,RoadBlock,8.529889,-1711804,RoadBlock,9.251563,,,0,,,0,,,0,,,0,,,0,,,0,,,0,,,0,,,0,,,0,,,0,,,0,,,0,,,0,,,0,,,0,,,0,,,0,,,0,-1714764,Victim,6.479913,-1714764,Victim,6.663468,,,0,,,0,5.4542,0.001979389,False,False,0,0,False,True,7.767348,-1,1,0
,,0,,,0,-1711826,Pavement (1),8.786184,,,0,,,0,,,0,-1711804,RoadBlock,9.258315,-1711804,RoadBlock,8.534108,-1711804,RoadBlock,8.143797,-1711804,RoadBlock,8.019651,-1711804,RoadBlock,8.141813,-1711804,RoadBlock,8.529985,-1711804,RoadBlock,9.251668,,,0,,,0,,,0,,,0,,,0,,,0,,,0,,,0,,,0,,,0,,,0,,,0,,,0,,,0,,,0,,,0,,,0,,,0,,,0,-1714764,Victim,6.84108,-1714764,Victim,6.66147,,,0,,,0,5.56647,0,False,False,0,0,False,True,8.094211,-1,1,0
,,0,,,0,-1711826,Pavement (1),8.786456,,,0,,,0,,,0,-1711804,RoadBlock,9.258446,-1711804,RoadBlock,8.534227,-1711804,RoadBlock,8.143908,-1711804,RoadBlock,8.019755,-1711804,RoadBlock,8.141914,-1711804,RoadBlock,8.530086,-1711804,RoadBlock,9.251769,,,0,,,0,,,0,,,0,,,0,,,0,,,0,,,0,,,0,,,0,,,0,,,0,,,0,,,0,,,0,,,0,,,0,,,0,,,0,-1714764,Victim,6.92085,-1714764,Victim,6.660651,,,0,,,0,5.713634,0,False,False,0,0,False,True,8.145975,-1,1,0
,,0,,,0,-1711826,Pavement (1),8.786869,,,0,,,0,,,0,-1711804,RoadBlock,9.258636,-1711804,RoadBlock,8.534408,-1711804,RoadBlock,8.144084,-1711804,RoadBlock,8.019931,-1711804,RoadBlock,8.142092,-1711804,RoadBlock,8.530269,-1711804,RoadBlock,9.251963,,,0,,,0,,,0,,,0,,,0,,,0,,,0,,,0,,,0,,,0,,,0,,,0,,,0,,,0,,,0,,,0,,,0,,,0,,,0,-1714764,Victim,6.963898,-1714764,Victim,6.660958,,,0,,,0,5.996138,0,False,False,0,0,False,True,8.173443,-1,1,0
,,0,,,0,-1711826,Pavement (1),8.78715,,,0,,,0,,,0,-1711804,RoadBlock,9.258756,-1711804,RoadBlock,8.534523,-1711804,RoadBlock,8.144197,-1711804,RoadBlock,8.020045,-1711804,RoadBlock,8.142208,-1711804,RoadBlock,8.530392,-1711804,RoadBlock,9.252094,,,0,,,0,,,0,,,0,,,0,,,0,,,0,,,0,,,0,,,0,,,0,,,0,,,0,,,0,,,0,,,0,,,0,,,0,,,0,-1714764,Victim,7.004187,-1714764,Victim,6.662588,,,0,,,0,6.379673,0,False,False,0,0,False,True,8.089562,-1,1,0
,,0,,,0,-1711826,Pavement (1),8.787582,,,0,,,0,,,0,-1711804,RoadBlock,9.258917,-1711804,RoadBlock,8.534678,-1711804,RoadBlock,8.144352,-1711804,RoadBlock,8.020207,-1711804,RoadBlock,8.14238,-1711804,RoadBlock,8.530578,-1711804,RoadBlock,9.252302,,,0,,,0,,,0,,,0,,,0,,,0,,,0,,,0,,,0,,,0,,,0,,,0,,,0,,,0,,,0,,,0,,,0,,,0,,,0,-1714764,Victim,7.061133,-1714764,Victim,6.665658,,,0,,,0,6.568136,0.001979389,False,False,0,0,False,True,8.236033,-1,1,0
,,0,,,0,-1711826,Pavement (1),8.787889,,,0,,,0,,,0,-1711804,RoadBlock,9.259033,-1711804,RoadBlock,8.534787,-1711804,RoadBlock,8.144458,-1711804,RoadBlock,8.020312,-1711804,RoadBlock,8.142488,-1711804,RoadBlock,8.530693,-1711804,RoadBlock,9.252425,,,0,,,0,,,0,,,0,,,0,,,0,,,0,,,0,,,0,,,0,,,0,,,0,,,0,,,0,,,0,,,0,,,0,,,0,,,0,-1714764,Victim,6.955812,-1714764,Victim,6.660146,,,0,,,0,6.760682,0,False,False,0,0,False,True,8.166413,-1,1,0
,,0,,,0,-1711826,Pavement (1),8.788306,,,0,,,0,,,0,-1711804,RoadBlock,9.259214,-1711804,RoadBlock,8.534957,-1711804,RoadBlock,8.144621,-1711804,RoadBlock,8.020474,-1711804,RoadBlock,8.142653,-1711804,RoadBlock,8.530867,-1711804,RoadBlock,9.252617,,,0,,,0,,,0,,,0,,,0,,,0,,,0,,,0,,,0,,,0,,,0,,,0,,,0,,,0,,,0,,,0,,,0,,,0,,,0,-1714764,Victim,6.759081,-1714764,Victim,6.656431,,,0,,,0,6.973844,0,False,False,0,0,False,True,8.03711,-1,1,0
,,0,,,0,-1711826,Pavement (1),8.788623,,,0,,,0,,,0,-1711804,RoadBlock,9.259346,-1711804,RoadBlock,8.535078,-1711804,RoadBlock,8.144735,-1711804,RoadBlock,8.020585,-1711804,RoadBlock,8.142764,-1711804,RoadBlock,8.530982,-1711804,RoadBlock,9.252741,,,0,,,0,,,0,,,0,,,0,,,0,,,0,,,0,,,0,,,0,,,0,,,0,,,0,,,0,,,0,,,0,,,0,,,0,,,0,-1714764,Victim,6.759728,-1714764,Victim,6.655684,,,0,,,0,7.137451,0,False,False,0,0,False,True,8.037072,-1,1,0
,,0,,,0,-1711826,Pavement (1),8.789166,,,0,,,0,,,0,-1711804,RoadBlock,9.259553,-1711804,RoadBlock,8.535267,-1711804,RoadBlock,8.144915,-1711804,RoadBlock,8.02076,-1711804,RoadBlock,8.142941,-1711804,RoadBlock,8.531164,-1711804,RoadBlock,9.252937,,,0,,,0,,,0,,,0,,,0,,,0,,,0,,,0,,,0,,,0,,,0,,,0,,,0,,,0,,,0,,,0,,,0,,,0,,,0,-1714764,Victim,6.561878,-1714764,Victim,6.654499,,,0,,,0,7.532176,0,False,False,0,0,False,True,7.907782,-1,1,0
,,0,,,0,-1711826,Pavement (1),8.789502,,,0,,,0,,,0,-1711804,RoadBlock,9.25969,-1711804,RoadBlock,8.535395,-1711804,RoadBlock,8.145038,-1711804,RoadBlock,8.020882,-1711804,RoadBlock,8.143065,-1711804,RoadBlock,8.531295,-1711804,RoadBlock,9.253078,,,0,,,0,,,0,,,0,,,0,,,0,,,0,,,0,,,0,,,0,,,0,,,0,,,0,,,0,,,0,,,0,,,0,,,0,,,0,-1714764,Victim,6.462451,-1714764,Victim,6.653865,,,0,,,0,7.712555,0,False,False,0,0,False,True,7.712394,0,1,0
,,0,,,0,-1711826,Pavement (1),8.790045,,,0,,,0,,,0,-1711804,RoadBlock,9.25991,-1711804,RoadBlock,8.535597,-1711804,RoadBlock,8.145231,-1711804,RoadBlock,8.02107,-1711804,RoadBlock,8.143256,-1711804,RoadBlock,8.531493,-1711804,RoadBlock,9.253291,,,0,,,0,,,0,,,0,,,0,,,0,,,0,,,0,,,0,,,0,,,0,,,0,,,0,,,0,,,0,,,0,,,0,,,0,,,0,-1714764,Victim,6.320842,-1714764,Victim,6.653086,,,0,,,0,7.90012,0,False,False,0,0,False,True,7.751042,0,1,0
,,0,,,0,-1711826,Pavement (1),8.790415,,,0,,,0,,,0,-1711804,RoadBlock,9.260054,-1711804,RoadBlock,8.535731,-1711804,RoadBlock,8.14536,-1711804,RoadBlock,8.021199,-1711804,RoadBlock,8.143387,-1711804,RoadBlock,8.531631,-1711804,RoadBlock,9.253441,,,0,,,0,,,0,,,0,,,0,,,0,,,0,,,0,,,0,,,0,,,0,,,0,,,0,,,0,,,0,,,0,,,0,,,0,,,0,-1714764,Victim,6.372727,-1714764,Victim,6.652883,,,0,,,0,8.088305,0.001979389,False,False,0,0,False,True,7.784065,0,1,0
,,0,,,0,-1711826,Pavement (1),8.790977,,,0,,,0,,,0,-1711804,RoadBlock,9.260276,-1711804,RoadBlock,8.535938,-1711804,RoadBlock,8.145559,-1711804,RoadBlock,8.021399,-1711804,RoadBlock,8.143592,-1711804,RoadBlock,8.531847,-1711804,RoadBlock,9.253675,,,0,,,0,,,0,,,0,,,0,,,0,,,0,,,0,,,0,,,0,,,0,,,0,,,0,,,0,,,0,,,0,,,0,,,0,,,0,-1714764,Victim,6.25176,-1714764,Victim,6.651945,,,0,,,0,8.442142,0,False,False,0,0,False,True,7.70576,0,1,0
,,0,,,0,-1711826,Pavement (1),8.791366,,,0,,,0,,,0,-1711804,RoadBlock,9.260429,-1711804,RoadBlock,8.536081,-1711804,RoadBlock,8.145698,-1711804,RoadBlock,8.021535,-1711804,RoadBlock,8.143729,-1711804,RoadBlock,8.531992,-1711804,RoadBlock,9.253832,,,0,,,0,,,0,,,0,,,0,,,0,,,0,,,0,,,0,,,0,,,0,,,0,,,0,,,0,,,0,,,0,,,0,,,0,,,0,-1714764,Victim,6.169289,-1714764,Victim,6.651134,,,0,,,0,8.646823,0,False,False,0,0,False,True,7.507548,0,1,0
,,0,,,0,-1711826,Pavement (1),8.791963,,,0,,,0,,,0,-1711804,RoadBlock,9.260673,-1711804,RoadBlock,8.536305,-1711804,RoadBlock,8.14591,-1711804,RoadBlock,8.021744,-1711804,RoadBlock,8.143941,-1711804,RoadBlock,8.532211,-1711804,RoadBlock,9.254068,,,0,,,0,,,0,,,0,,,0,,,0,,,0,,,0,,,0,,,0,,,0,,,0,,,0,,,0,,,0,,,0,,,0,,,0,,,0,-1714764,Victim,6.224276,-1714764,Victim,6.64994,,,0,,,0,8.831028,0,False,False,0,0,False,True,7.687606,0,1,0
,,0,,,0,-1711826,Pavement (1),8.792369,,,0,,,0,,,0,-1711804,RoadBlock,9.260835,-1711804,RoadBlock,8.536455,-1711804,RoadBlock,8.146054,-1711804,RoadBlock,8.021886,-1711804,RoadBlock,8.144085,-1711804,RoadBlock,8.532362,-1711804,RoadBlock,9.254232,,,0,,,0,,,0,,,0,,,0,,,0,,,0,,,0,,,0,,,0,,,0,,,0,,,0,,,0,,,0,,,0,,,0,,,0,,,0,-1714764,Victim,6.163568,-1714764,Victim,6.649323,,,0,,,0,9.155777,0,False,False,0,0,False,True,7.494912,0,1,0
,,0,,,0,-1711826,Pavement (1),8.792994,,,0,,,0,,,0,-1711804,RoadBlock,9.261084,-1711804,RoadBlock,8.536683,-1711804,RoadBlock,8.146276,-1711804,RoadBlock,8.022105,-1711804,RoadBlock,8.14431,-1711804,RoadBlock,8.532598,-1711804,RoadBlock,9.254488,,,0,,,0,,,0,,,0,,,0,,,0,,,0,,,0,,,0,,,0,,,0,,,0,,,0,,,0,,,0,,,0,,,0,,,0,,,0,-1714764,Victim,6.066302,-1714764,Victim,6.648553,,,0,,,0,9.332183,0,False,False,0,0,False,True,7.585992,0,1,0
,,0,,,0,-1711826,Pavement (1),8.793425,,,0,,,0,,,0,-1711804,RoadBlock,9.261252,-1711804,RoadBlock,8.536842,-1711804,RoadBlock,8.146427,-1711804,RoadBlock,8.022256,-1711804,RoadBlock,8.144463,-1711804,RoadBlock,8.532759,-1711804,RoadBlock,9.254661,,,0,,,0,,,0,,,0,,,0,,,0,,,0,,,0,,,0,,,0,,,0,,,0,,,0,,,0,,,0,,,0,,,0,,,0,,,0,-1714764,Victim,6.209316,-1714764,Victim,6.647984,,,0,,,0,9.507749,0,False,False,0,0,False,True,7.677519,0,1,0
,,0,,,0,-1711826,Pavement (1),8.79408,,,0,,,0,,,0,-1711804,RoadBlock,9.261518,-1711804,RoadBlock,8.537085,-1711804,RoadBlock,8.146659,-1711804,RoadBlock,8.022485,-1711804,RoadBlock,8.144694,-1711804,RoadBlock,8.533002,-1711804,RoadBlock,9.254923,,,0,,,0,,,0,,,0,,,0,,,0,,,0,,,0,,,0,,,0,,,0,,,0,,,0,,,0,,,0,,,0,,,0,,,0,,,0,-1714764,Victim,6.134602,-1714764,Victim,6.64751,,,0,,,0,9.740623,0,False,False,0,0,False,True,7.629441,0,1,0
,,0,,,0,-1711826,Pavement (1),8.794527,,,0,,,0,,,0,-1711804,RoadBlock,9.261696,-1711804,RoadBlock,8.537251,-1711804,RoadBlock,8.146818,-1711804,RoadBlock,8.022641,-1711804,RoadBlock,8.144855,-1711804,RoadBlock,8.533168,-1711804,RoadBlock,9.255104,,,0,,,0,,,0,,,0,,,0,,,0,,,0,,,0,,,0,,,0,,,0,,,0,,,0,,,0,,,0,,,0,,,0,,,0,,,0,-1714764,Victim,6.127166,-1714764,Victim,6.647248,,,0,,,0,10.02983,0,False,False,0,0,False,True,7.456646,0,1,0
,,0,,,0,-1711826,Pavement (1),8.795212,,,0,,,0,,,0,-1711804,RoadBlock,9.261968,-1711804,RoadBlock,8.537504,-1711804,RoadBlock,8.14706,-1711804,RoadBlock,8.022882,-1711804,RoadBlock,8.145099,-1711804,RoadBlock,8.533425,-1711804,RoadBlock,9.255383,,,0,,,0,,,0,,,0,,,0,,,0,,,0,,,0,,,0,,,0,,,0,,,0,,,0,,,0,,,0,,,0,,,0,,,0,,,0,-1714764,Victim,6.029496,-1714764,Victim,6.646981,,,0,,,0,10.20261,0,False,False,0,0,False,True,7.562022,0,1,0
,,0,,,0,-1711826,Pavement (1),8.795681,,,0,,,0,,,0,-1711804,RoadBlock,9.262155,-1711804,RoadBlock,8.537677,-1711804,RoadBlock,8.147225,-1711804,RoadBlock,8.023045,-1711804,RoadBlock,8.145266,-1711804,RoadBlock,8.533599,-1711804,RoadBlock,9.25557,,,0,,,0,,,0,,,0,,,0,,,0,,,0,,,0,,,0,,,0,,,0,,,0,,,0,,,0,,,0,,,0,,,0,,,0,,,0,-1714764,Victim,6.174007,-1714764,Victim,6.646653,,,0,,,0,10.37496,0,False,False,0,0,False,True,7.654494,0,1,0
,,0,,,0,-1711826,Pavement (1),8.796396,,,0,,,0,,,0,-1711804,RoadBlock,9.262441,-1711804,RoadBlock,8.537941,-1711804,RoadBlock,8.147479,-1711804,RoadBlock,8.023293,-1711804,RoadBlock,8.145519,-1711804,RoadBlock,8.533866,-1711804,RoadBlock,9.255859,,,0,,,0,,,0,,,0,,,0,,,0,,,0,,,0,,,0,,,0,,,0,,,0,,,0,,,0,,,0,,,0,,,0,,,0,,,0,-1714764,Victim,6.034465,-1714764,Victim,6.646463,,,0,,,0,10.62712,0,False,False,0,0,False,True,7.565042,0,1,0
,,0,,,0,-1711826,Pavement (1),8.796882,,,0,,,0,,,0,-1711804,RoadBlock,9.262634,-1711804,RoadBlock,8.538121,-1711804,RoadBlock,8.147651,-1711804,RoadBlock,8.023463,-1711804,RoadBlock,8.145692,-1711804,RoadBlock,8.534046,-1711804,RoadBlock,9.256055,,,0,,,0,,,0,,,0,,,0,,,0,,,0,,,0,,,0,,,0,,,0,,,0,,,0,,,0,,,0,,,0,,,0,,,0,,,0,-1714764,Victim,6.058508,-1714764,Victim,6.646242,,,0,,,0,10.80092,0,False,False,0,0,False,True,7.580348,-1,1,0
,,0,,,0,-1711826,Pavement (1),8.797626,,,0,,,0,,,0,-1711804,RoadBlock,9.262931,-1711804,RoadBlock,8.538396,-1711804,RoadBlock,8.147915,-1711804,RoadBlock,8.023724,-1711804,RoadBlock,8.145955,-1711804,RoadBlock,8.534325,-1711804,RoadBlock,9.256356,,,0,,,0,,,0,,,0,,,0,,,0,,,0,,,0,,,0,,,0,,,0,,,0,,,0,,,0,,,0,,,0,,,0,,,0,,,0,-1714764,Victim,5.872153,-1714764,Victim,6.646108,,,0,,,0,11.06108,0,False,False,0,0,False,True,7.461519,-1,1,0
,,0,,,0,-1711826,Pavement (1),8.798132,,,0,,,0,,,0,-1711804,RoadBlock,9.263132,-1711804,RoadBlock,8.538582,-1711804,RoadBlock,8.148092,-1711804,RoadBlock,8.023899,-1711804,RoadBlock,8.146133,-1711804,RoadBlock,8.534512,-1711804,RoadBlock,9.25656,,,0,,,0,,,0,,,0,,,0,,,0,,,0,,,0,,,0,,,0,,,0,,,0,,,0,,,0,,,0,,,0,,,0,,,0,,,0,-1714764,Victim,5.960102,-1714764,Victim,6.645848,,,0,,,0,11.2316,0.001979389,False,False,0,0,False,True,7.517399,-1,1,0
,,0,,,0,-1711826,Pavement (1),8.798903,,,0,,,0,,,0,-1711804,RoadBlock,9.26344,-1711804,RoadBlock,8.538867,-1711804,RoadBlock,8.148365,-1711804,RoadBlock,8.024169,-1711804,RoadBlock,8.146408,-1711804,RoadBlock,8.534798,-1711804,RoadBlock,9.256871,,,0,,,0,,,0,,,0,,,0,,,0,,,0,,,0,,,0,,,0,,,0,,,0,,,0,,,0,,,0,,,0,,,0,,,0,,,0,-1714764,Victim,5.761187,-1714764,Victim,6.645729,,,0,,,0,11.48609,0,False,False,0,0,False,True,7.391064,-1,1,0
,,0,,,0,-1711826,Pavement (1),8.799428,,,0,,,0,,,0,-1711804,RoadBlock,9.263649,-1711804,RoadBlock,8.539061,-1711804,RoadBlock,8.148551,-1711804,RoadBlock,8.024352,-1711804,RoadBlock,8.146594,-1711804,RoadBlock,8.534993,-1711804,RoadBlock,9.257082,,,0,,,0,,,0,,,0,,,0,,,0,,,0,,,0,,,0,,,0,,,0,,,0,,,0,,,0,,,0,,,0,,,0,,,0,,,0,-1714764,Victim,5.619932,-1714764,Victim,6.645653,,,0,,,0,11.73965,0.001979389,False,False,0,0,False,True,7.109648,-1,1,0
,,0,,,0,-1711826,Pavement (1),8.800231,,,0,,,0,,,0,-1711804,RoadBlock,9.263968,-1711804,RoadBlock,8.539356,-1711804,RoadBlock,8.148833,-1711804,RoadBlock,8.024632,-1711804,RoadBlock,8.146878,-1711804,RoadBlock,8.53529,-1711804,RoadBlock,9.257405,,,0,,,0,,,0,,,0,,,0,,,0,,,0,,,0,,,0,,,0,,,0,,,0,,,0,,,0,,,0,,,0,,,0,,,0,-1714764,Victim,6.448932,-1714764,Victim,5.419682,-1714764,Victim,6.645551,,,0,,,0,11.9077,0,False,False,0,0,False,True,7.176503,-1,1,0
,,0,,,0,-1711826,Pavement (1),8.800776,,,0,,,0,,,0,-1711804,RoadBlock,9.264184,-1711804,RoadBlock,8.539557,-1711804,RoadBlock,8.149026,-1711804,RoadBlock,8.024821,-1711804,RoadBlock,8.147071,-1711804,RoadBlock,8.535492,-1711804,RoadBlock,9.257623,,,0,,,0,,,0,,,0,,,0,,,0,,,0,,,0,,,0,,,0,,,0,,,0,,,0,,,0,,,0,,,0,,,0,,,0,-1714764,Victim,6.475052,-1714764,Victim,5.44158,-1714764,Victim,6.64536,,,0,,,0,12.07506,0,False,False,0,0,False,True,7.190101,-1,1,0
,,0,,,0,-1711826,Pavement (1),8.801606,,,0,,,0,,,0,-1711804,RoadBlock,9.264515,-1711804,RoadBlock,8.539862,-1711804,RoadBlock,8.149319,-1711804,RoadBlock,8.02511,-1711804,RoadBlock,8.147364,-1711804,RoadBlock,8.535799,-1711804,RoadBlock,9.257955,,,0,,,0,,,0,,,0,,,0,,,0,,,0,,,0,,,0,,,0,,,0,,,0,,,0,,,0,,,0,,,0,,,0,,,0,-1714764,Victim,6.121831,-1714764,Victim,5.246137,-1714764,Victim,6.645342,,,0,,,0,12.32481,0,False,False,0,0,False,True,7.006613,-1,1,0
,,0,,,0,-1711826,Pavement (1),8.802169,,,0,,,0,,,0,-1711804,RoadBlock,9.264738,-1711804,RoadBlock,8.54007,-1711804,RoadBlock,8.149517,-1711804,RoadBlock,8.025307,-1711804,RoadBlock,8.147564,-1711804,RoadBlock,8.53601,-1711804,RoadBlock,9.258182,,,0,,,0,,,0,,,0,,,0,,,0,,,0,,,0,,,0,,,0,,,0,,,0,,,0,,,0,,,0,,,0,,,0,,,0,-1714764,Victim,5.820665,-1714764,Victim,5.208554,-1714764,Victim,6.645386,,,0,,,0,12.57301,0,False,False,0,0,False,True,6.653738,-1,1,0
,,0,,,0,-1711826,Pavement (1),8.803023,,,0,,,0,,,0,-1711804,RoadBlock,9.26508,-1711804,RoadBlock,8.540384,-1711804,RoadBlock,8.149818,-1711804,RoadBlock,8.025604,-1711804,RoadBlock,8.147867,-1711804,RoadBlock,8.536325,-1711804,RoadBlock,9.258527,,,0,,,0,,,0,,,0,,,0,,,0,,,0,,,0,,,0,,,0,,,0,,,0,,,0,,,0,,,0,,,0,,,0,,,0,-1714764,Victim,5.476645,-1714764,Victim,5.185224,-1714764,Victim,6.645405,,,0,,,0,12.73762,0,False,False,0,0,False,True,6.67814,-1,1,0
,,0,,,0,-1711826,Pavement (1),8.803606,,,0,,,0,,,0,-1711804,RoadBlock,9.26531,-1711804,RoadBlock,8.540597,-1711804,RoadBlock,8.150023,-1711804,RoadBlock,8.025806,-1711804,RoadBlock,8.148072,-1711804,RoadBlock,8.536542,-1711804,RoadBlock,9.258759,,,0,,,0,,,0,,,0,,,0,,,0,,,0,,,0,,,0,,,0,,,0,,,0,,,0,,,0,,,0,,,0,,,0,,,0,-1714764,Victim,5.069144,-1714764,Victim,5.180531,-1714764,Victim,6.646383,,,0,,,0,12.90155,0,False,False,0,0,False,True,6.475731,-1,1,0
,,0,,,0,-1711826,Pavement (1),8.804494,,,0,,,0,,,0,-1711804,RoadBlock,9.265663,-1711804,RoadBlock,8.540923,-1711804,RoadBlock,8.150334,-1711804,RoadBlock,8.026114,-1711804,RoadBlock,8.148386,-1711804,RoadBlock,8.536869,-1711804,RoadBlock,9.259114,,,0,,,0,,,0,,,0,,,0,,,0,,,0,,,0,,,0,,,0,,,0,,,0,,,0,,,0,,,0,,,0,,,0,-1714764,Victim,5.618977,-1714764,Victim,4.44434,-1714764,Victim,5.180727,-1714764,Victim,6.664304,,,0,,,0,13.14618,0,False,False,0,0,False,True,6.145723,0,1,0
,,0,,,0,-1711826,Pavement (1),8.805091,,,0,,,0,,,0,-1711804,RoadBlock,9.265902,-1711804,RoadBlock,8.541145,-1711804,RoadBlock,8.150545,-1711804,RoadBlock,8.026321,-1711804,RoadBlock,8.148597,-1711804,RoadBlock,8.53709,-1711804,RoadBlock,9.259353,,,0,,,0,,,0,,,0,,,0,,,0,,,0,,,0,,,0,,,0,,,0,,,0,,,0,,,0,,,0,,,0,,,0,-1714764,Victim,4.960839,-1714764,Victim,4.368894,-1714764,Victim,5.180897,,,0,,,0,,,0,13.38928,0,False,False,0,0,False,True,5.722402,0,1,0
,,0,,,0,-1711826,Pavement (1),8.806005,,,0,,,0,,,0,-1711804,RoadBlock,9.266264,-1711804,RoadBlock,8.541477,-1711804,RoadBlock,8.150866,-1711804,RoadBlock,8.026638,-1711804,RoadBlock,8.148919,-1711804,RoadBlock,8.537428,-1711804,RoadBlock,9.259721,,,0,,,0,,,0,,,0,,,0,,,0,,,0,,,0,,,0,,,0,,,0,,,0,,,0,,,0,,,0,,,0,,,0,-1714764,Victim,4.052468,-1714764,Victim,4.357381,-1714764,Victim,5.181145,,,0,,,0,,,0,13.49509,0.001979389,False,False,0,0,False,True,5.597284,0,1,0
,,0,,,0,-1711826,Pavement (1),8.806618,,,0,,,0,,,0,-1711804,RoadBlock,9.266502,-1711804,RoadBlock,8.5417,-1711804,RoadBlock,8.151079,-1711804,RoadBlock,8.026849,-1711804,RoadBlock,8.149134,-1711804,RoadBlock,8.537654,-1711804,RoadBlock,9.259966,,,0,,,0,,,0,,,0,,,0,,,0,,,0,,,0,,,0,,,0,,,0,,,0,,,0,,,0,,,0,,,0,-1714764,Victim,4.904814,-1714764,Victim,3.881711,-1714764,Victim,4.357536,-1714764,Victim,5.181318,,,0,,,0,,,0,13.4954,0,False,False,0,0,False,True,5.378976,0,1,0
,,0,,,0,-1711880,Pavement (3),8.807531,,,0,,,0,,,0,-1711804,RoadBlock,9.266861,-1711804,RoadBlock,8.542031,-1711804,RoadBlock,8.151394,-1711804,RoadBlock,8.027162,-1711804,RoadBlock,8.149451,-1711804,RoadBlock,8.537989,-1711804,RoadBlock,9.260327,,,0,,,0,,,0,,,0,,,0,,,0,,,0,,,0,,,0,,,0,,,0,,,0,,,0,,,0,,,0,,,0,-1714764,Victim,3.615984,-1714764,Victim,3.862755,-1714764,Victim,4.357741,-1714764,Victim,5.185751,,,0,,,0,,,0,13.49537,0,False,False,0,0,False,True,5.076986,0,1,0
,,0,,,0,-1711880,Pavement (3),8.808141,,,0,,,0,,,0,-1711804,RoadBlock,9.267101,-1711804,RoadBlock,8.542252,-1711804,RoadBlock,8.151605,-1711804,RoadBlock,8.027369,-1711804,RoadBlock,8.149663,-1711804,RoadBlock,8.538211,-1711804,RoadBlock,9.26057,,,0,,,0,,,0,,,0,,,0,,,0,,,0,,,0,,,0,,,0,,,0,,,0,,,0,,,0,,,0,,,0,-1714764,Victim,3.582069,-1714764,Victim,3.862786,-1714764,Victim,4.357748,-1714764,Victim,5.206393,,,0,,,0,,,0,13.49537,0,False,False,0,0,False,True,4.961728,0,1,0
,,0,,,0,-1711880,Pavement (3),8.809056,,,0,,,0,,,0,-1711804,RoadBlock,9.267461,-1711804,RoadBlock,8.542583,-1711804,RoadBlock,8.151921,-1711804,RoadBlock,8.027678,-1711804,RoadBlock,8.149978,-1711804,RoadBlock,8.538539,-1711804,RoadBlock,9.260927,,,0,,,0,,,0,,,0,,,0,,,0,,,0,,,0,,,0,,,0,,,0,,,0,,,0,,,0,,,0,-1714764,Victim,3.443181,-1714764,Victim,3.566016,-1714764,Victim,3.862889,-1714764,Victim,4.357829,,,0,,,0,,,0,,,0,13.49538,0,False,False,0,0,False,True,4.732294,0,1,0
,,0,,,0,-1711880,Pavement (3),8.809666,,,0,,,0,,,0,-1711804,RoadBlock,9.2677,-1711804,RoadBlock,8.542806,-1711804,RoadBlock,8.152131,-1711804,RoadBlock,8.027885,-1711804,RoadBlock,8.150187,-1711804,RoadBlock,8.538759,-1711804,RoadBlock,9.261167,,,0,,,0,,,0,,,0,,,0,,,0,,,0,,,0,,,0,,,0,,,0,,,0,,,0,,,0,,,0,-1714764,Victim,3.411327,-1714764,Victim,3.566058,-1714764,Victim,3.862916,-1714764,Victim,4.359776,,,0,,,0,,,0,,,0,13.49539,0.001979389,False,False,0,0,False,True,4.502381,0,1,0
,,0,,,0,-1711880,Pavement (3),8.810582,,,0,,,0,,,0,-1711804,RoadBlock,9.268065,-1711804,RoadBlock,8.543139,-1711804,RoadBlock,8.152449,-1711804,RoadBlock,8.028196,-1711804,RoadBlock,8.150503,-1711804,RoadBlock,8.539089,-1711804,RoadBlock,9.261524,,,0,,,0,,,0,,,0,,,0,,,0,,,0,,,0,,,0,,,0,,,0,,,0,,,0,,,0,-1714764,Victim,3.392394,-1714764,Victim,3.406183,-1714764,Victim,3.566007,-1714764,Victim,3.862828,-1714764,Victim,4.363668,,,0,,,0,,,0,,,0,13.49538,0.001979389,False,False,0,0,False,True,4.494802,0,1,0
,,0,,,0,-1711880,Pavement (3),8.811191,,,0,,,0,,,0,-1711804,RoadBlock,9.268302,-1711804,RoadBlock,8.543358,-1711804,RoadBlock,8.152659,-1711804,RoadBlock,8.028404,-1711804,RoadBlock,8.150713,-1711804,RoadBlock,8.53931,-1711804,RoadBlock,9.261765,,,0,,,0,,,0,,,0,,,0,,,0,,,0,,,0,,,0,,,0,,,0,,,0,,,0,,,0,-1714764,Victim,3.3615,-1714764,Victim,3.406173,-1714764,Victim,3.565982,-1714764,Victim,3.862783,-1714764,Victim,4.396004,,,0,,,0,,,0,,,0,13.49538,0.001979389,False,False,0,0,False,True,4.412754,0,1,0
,,0,,,0,-1711880,Pavement (3),8.812105,,,0,,,0,,,0,-1712036,RoadBlock,9.26867,-1711804,RoadBlock,8.54369,-1711804,RoadBlock,8.152976,-1711804,RoadBlock,8.028716,-1711804,RoadBlock,8.151029,-1711804,RoadBlock,8.539643,-1711804,RoadBlock,9.262126,,,0,,,0,,,0,,,0,,,0,,,0,,,0,,,0,,,0,,,0,,,0,,,0,,,0,-1714764,Victim,3.435816,-1714764,Victim,3.355324,-1714764,Victim,3.406129,-1714764,Victim,3.565918,-1714764,Victim,3.865051,,,0,,,0,,,0,,,0,,,0,13.49538,0,False,False,0,0,False,True,4.313652,0,1,0
,,0,,,0,-1711880,Pavement (3),8.812717,,,0,,,0,,,0,-1712036,RoadBlock,9.268911,-1711804,RoadBlock,8.543912,-1711804,RoadBlock,8.153187,-1711804,RoadBlock,8.028925,-1711804,RoadBlock,8.151241,-1711804,RoadBlock,8.539865,-1711804,RoadBlock,9.262365,,,0,,,0,,,0,,,0,,,0,,,0,,,0,,,0,,,0,,,0,,,0,,,0,,,0,-1714764,Victim,3.411684,-1714764,Victim,3.355258,-1714764,Victim,3.406051,-1714764,Victim,3.565823,-1714764,Victim,3.866598,,,0,,,0,,,0,,,0,,,0,13.49539,0,False,False,0,0,False,True,4.235014,0,1,0
,,0,,,0,-1711880,Pavement (3),8.840786,,,0,,,0,,,0,-1712036,RoadBlock,9.276024,-1712036,RoadBlock,8.54877,-1711804,RoadBlock,8.156386,-1711804,RoadBlock,8.030753,-1711804,RoadBlock,8.151753,-1711804,RoadBlock,8.5389,-1711804,RoadBlock,9.25947,,,0,,,0,,,0,,,0,,,0,,,0,,,0,,,0,,,0,,,0,,,0,,,0,,,0,-1714764,Victim,3.404193,-1714764,Victim,3.353652,-1714764,Victim,3.403857,-1714764,Victim,3.563608,-1714764,Victim,3.892869,,,0,,,0,,,0,,,0,,,0,13.49412,0.007402559,False,False,0,0,False,True,4.232039,0,1,-0.1234653
,,0,,,0,-1711880,Pavement (3),8.94933,,,0,,,0,,,0,-1712036,RoadBlock,9.303094,-1712036,RoadBlock,8.567095,-1711804,RoadBlock,8.168331,-1711804,RoadBlock,8.037395,-1711804,RoadBlock,8.153309,-1711804,RoadBlock,8.534748,-1711804,RoadBlock,9.247838,,,0,,,0,,,0,,,0,,,0,,,0,,,0,,,0,,,0,,,0,,,0,,,0,-1714764,Victim,3.626025,-1714764,Victim,3.399832,-1714764,Victim,3.347263,-1714764,Victim,3.395247,-1714764,Victim,3.552494,-1714764,Victim,3.881097,,,0,,,0,,,0,,,0,,,0,13.48997,0.0283931,False,False,0,0,False,True,4.220529,0,1,-0.2799415
,,0,,,0,-1711880,Pavement (3),9.381063,,,0,,,0,,,0,-1712036,RoadBlock,9.408428,-1712036,RoadBlock,8.639022,-1712036,RoadBlock,8.216074,-1711804,RoadBlock,8.065235,-1711804,RoadBlock,8.162262,-1711804,RoadBlock,8.522758,-1711804,RoadBlock,9.20868,,,0,,,0,,,0,,,0,,,0,,,0,,,0,,,0,,,0,,,0,,,0,,,0,-1714764,Victim,3.562493,-1714764,Victim,3.381661,-1714764,Victim,3.321671,-1714764,Victim,3.361499,-1714764,Victim,3.510157,,,0,,,0,,,0,,,0,,,0,,,0,13.47915,0.1055551,False,False,0,0,False,True,4.177592,0,1,-0.4418517
,,0,,,0,-1711880,Pavement (3),9.782797,,,0,,,0,,,0,-1712036,RoadBlock,9.502764,-1712036,RoadBlock,8.704539,-1712036,RoadBlock,8.261098,-1711804,RoadBlock,8.093747,-1711804,RoadBlock,8.175419,-1711804,RoadBlock,8.51916,-1711804,RoadBlock,9.18356,,,0,,,0,,,0,,,0,,,0,,,0,,,0,,,0,,,0,,,0,,,0,,,0,-1714764,Victim,3.545943,-1714764,Victim,3.364254,-1714764,Victim,3.298006,-1714764,Victim,3.330835,-1714764,Victim,3.471262,,,0,,,0,,,0,,,0,,,0,,,0,13.46892,0.1699966,False,False,0,0,False,True,4.150172,0,1,-0.3151885
-1711836,RoadBlock,7.451509,-1711836,RoadBlock,7.405819,-1711836,RoadBlock,7.589854,,,0,,,0,,,0,-1712036,RoadBlock,9.688097,-1712036,RoadBlock,8.834955,-1712036,RoadBlock,8.352952,-1712036,RoadBlock,8.155052,-1711804,RoadBlock,8.208873,-1711804,RoadBlock,8.522882,-1711804,RoadBlock,9.149852,,,0,,,0,,,0,,,0,,,0,,,0,,,0,,,0,,,0,,,0,,,0,,,0,-1714764,Victim,3.513742,-1714764,Victim,3.326219,-1714764,Victim,3.249033,-1714764,Victim,3.26968,-1714764,Victim,3.400704,,,0,,,0,,,0,,,0,-1711836,RoadBlock,8.301288,,,0,13.48213,0.2863283,False,False,0,0,False,True,4.103844,0,1,-0.1429968
-1711836,RoadBlock,5.641846,-1711836,RoadBlock,5.659254,-1711836,RoadBlock,5.855164,,,0,,,0,,,0,-1712036,RoadBlock,9.816988,-1712036,RoadBlock,8.928168,-1712036,RoadBlock,8.421461,-1712036,RoadBlock,8.204402,-1711804,RoadBlock,8.241287,-1711804,RoadBlock,8.537838,-1711804,RoadBlock,9.143532,,,0,,,0,,,0,,,0,,,0,,,0,,,0,,,0,,,0,,,0,,,0,,,0,-1714764,Victim,3.485589,-1714764,Victim,3.29206,-1714764,Victim,3.208842,-1714764,Victim,3.223383,-1714764,Victim,3.356375,,,0,,,0,,,0,,,0,-1711836,RoadBlock,6.160186,,,0,13.49566,0.3559198,False,False,0,0,False,True,4.089214,0,1,0
-1711836,RoadBlock,5.724977,-1711836,RoadBlock,5.786088,-1711836,RoadBlock,6.033769,,,0,,,0,,,0,-1712036,RoadBlock,9.985628,-1712036,RoadBlock,9.054321,-1712036,RoadBlock,8.518596,-1712036,RoadBlock,8.279595,-1712036,RoadBlock,8.29783,-1711804,RoadBlock,8.576025,-1711804,RoadBlock,9.160312,,,0,,,0,,,0,,,0,,,0,,,0,,,0,,,0,,,0,,,0,,,0,-1714764,Victim,3.821838,-1714764,Victim,3.432097,-1714764,Victim,3.23363,-1714764,Victim,3.144805,-1714764,Victim,3.15258,-1714764,Victim,3.280432,,,0,,,0,,,0,,,0,-1711836,RoadBlock,6.151925,,,0,13.49395,0.4310532,False,False,0,0,False,True,4.023359,0,1,0
-1711836,RoadBlock,8.312066,-1711836,RoadBlock,8.42728,-1711836,RoadBlock,8.817377,,,0,,,0,,,0,,,0,-1712036,RoadBlock,9.13267,-1712036,RoadBlock,8.58119,-1712036,RoadBlock,8.330539,-1712036,RoadBlock,8.339246,-1711804,RoadBlock,8.608577,-1711804,RoadBlock,9.183097,,,0,,,0,,,0,,,0,,,0,,,0,,,0,,,0,,,0,,,0,,,0,-1714764,Victim,3.755248,-1714764,Victim,3.391061,-1714764,Victim,3.19129,-1714764,Victim,3.100382,-1714764,Victim,3.105643,-1714764,Victim,3.239347,,,0,,,0,,,0,,,0,-1711836,RoadBlock,8.873662,,,0,13.44086,0.4679731,False,False,0,0,False,True,4.000162,0,1,0
,,0,,,0,,,0,,,0,,,0,,,0,,,0,-1712036,RoadBlock,9.248011,-1712036,RoadBlock,8.675541,-1712036,RoadBlock,8.409534,-1712036,RoadBlock,8.406034,-1712036,RoadBlock,8.66456,-1711804,RoadBlock,9.227905,,,0,,,0,,,0,,,0,,,0,,,0,,,0,,,0,,,0,,,0,,,0,-1714764,Victim,3.670262,-1714764,Victim,3.323976,-1714764,Victim,3.124425,-1714764,Victim,3.032552,-1714764,Victim,3.037244,,,0,,,0,,,0,,,0,,,0,,,0,,,0,13.55664,0.5120757,False,False,0,0,False,True,3.982305,0,1,0
,,0,,,0,,,0,,,0,,,0,,,0,,,0,-1712036,RoadBlock,9.321215,-1712036,RoadBlock,8.737287,-1712036,RoadBlock,8.463228,-1712036,RoadBlock,8.453733,-1712036,RoadBlock,8.707433,-1711804,RoadBlock,9.266311,,,0,,,0,,,0,,,0,,,0,,,0,,,0,,,0,,,0,,,0,,,0,-1714764,Victim,3.61738,-1714764,Victim,3.274963,-1714764,Victim,3.076499,-1714764,Victim,2.985619,-1714764,Victim,3.002619,,,0,,,0,,,0,,,0,,,0,,,0,,,0,13.48909,0.5340539,False,False,0,0,False,True,4.042133,0,1,0
,,0,,,0,,,0,,,0,,,0,,,0,,,0,-1712036,RoadBlock,9.426766,-1712036,RoadBlock,8.828604,-1712036,RoadBlock,8.545017,-1712036,RoadBlock,8.529026,-1712036,RoadBlock,8.778226,-1712036,RoadBlock,9.333789,,,0,,,0,,,0,,,0,,,0,,,0,,,0,,,0,,,0,,,0,,,0,-1714764,Victim,3.533455,-1714764,Victim,3.196288,-1714764,Victim,3.000439,-1714764,Victim,2.910693,-1714764,Victim,2.934837,,,0,,,0,,,0,,,0,,,0,,,0,,,0,13.4927,0.5587846,False,False,0,0,False,True,3.947917,1,1,0
,,0,,,0,,,0,,,0,,,0,,,0,,,0,-1712036,RoadBlock,9.49538,-1712036,RoadBlock,8.889075,-1712036,RoadBlock,8.600276,-1712036,RoadBlock,8.58106,-1712036,RoadBlock,8.828485,-1712036,RoadBlock,9.383363,,,0,,,0,,,0,,,0,,,0,,,0,,,0,,,0,,,0,,,0,-1714764,Victim,4.047284,-1714764,Victim,3.474207,-1714764,Victim,3.141403,-1714764,Victim,2.948164,-1714764,Victim,2.860531,,,0,,,0,,,0,,,0,,,0,,,0,,,0,,,0,13.49391,0.571292,False,False,0,0,False,True,4.041569,1,1,0
,,0,,,0,,,0,,,0,,,0,,,0,,,0,-1712036,RoadBlock,9.596974,-1712036,RoadBlock,8.979733,-1712036,RoadBlock,8.684155,-1712036,RoadBlock,8.661102,-1712036,RoadBlock,8.906987,-1712036,RoadBlock,9.462296,,,0,,,0,,,0,,,0,,,0,,,0,,,0,,,0,,,0,,,0,-1714764,Victim,3.924594,-1714764,Victim,3.38144,-1714764,Victim,3.056235,-1714764,Victim,2.868091,-1714764,Victim,2.790556,,,0,,,0,,,0,,,0,,,0,,,0,,,0,,,0,13.49492,0.5858034,False,False,0,0,False,True,3.934087,0,1,0
,,0,,,0,,,0,,,0,,,0,,,0,,,0,-1712036,RoadBlock,9.664184,-1712036,RoadBlock,9.040261,-1712036,RoadBlock,8.740654,-1712036,RoadBlock,8.71551,-1712036,RoadBlock,8.960902,-1712036,RoadBlock,9.517204,,,0,,,0,,,0,,,0,,,0,,,0,,,0,,,0,,,0,,,0,-1714764,Victim,3.846563,-1714764,Victim,3.317611,-1714764,Victim,2.998026,-1714764,Victim,2.814355,-1714764,Victim,2.752648,,,0,,,0,,,0,,,0,,,0,,,0,,,0,,,0,13.49576,0.5932934,False,False,0,0,False,True,3.958712,0,1,0
,,0,,,0,,,0,,,0,,,0,,,0,,,0,-1712036,RoadBlock,9.76441,-1712036,RoadBlock,9.131186,-1712036,RoadBlock,8.826105,-1712036,RoadBlock,8.798371,-1712036,RoadBlock,9.043648,-1712036,RoadBlock,9.602264,,,0,,,0,,,0,,,0,,,0,,,0,,,0,,,0,,,0,,,0,-1714764,Victim,3.733528,-1714764,Victim,3.219448,-1714764,Victim,2.910265,-1714764,Victim,2.743095,-1714764,Victim,4.152499,,,0,,,0,,,0,,,0,,,0,,,0,,,0,,,0,13.4959,0.6020115,False,False,0,0,False,True,4.024218,0,1,0
,,0,,,0,,,0,,,0,,,0,,,0,,,0,-1712036,RoadBlock,9.830881,-1712036,RoadBlock,9.191858,-1712036,RoadBlock,8.883455,-1712036,RoadBlock,8.854309,-1712036,RoadBlock,9.099864,-1712036,RoadBlock,9.660487,,,0,,,0,,,0,,,0,,,0,,,0,,,0,,,0,,,0,,,0,-1714764,Victim,3.65618,-1714764,Victim,3.152586,-1714764,Victim,2.849982,-1714764,Victim,2.687314,-1714764,Victim,4.090587,,,0,,,0,,,0,,,0,,,0,,,0,,,0,,,0,13.49563,0.6064921,False,False,0,0,False,True,3.974054,0,1,0
,,0,,,0,,,0,,,0,,,0,,,0,,,0,-1712036,RoadBlock,9.930152,-1712036,RoadBlock,9.282923,-1712036,RoadBlock,8.969944,-1712036,RoadBlock,8.939075,-1712036,RoadBlock,9.18549,-1712036,RoadBlock,9.749683,,,0,,,0,,,0,,,0,,,0,,,0,,,0,,,0,,,0,-1714764,Victim,4.391331,-1714764,Victim,3.538249,-1714764,Victim,3.050988,-1714764,Victim,2.760447,-1714764,Victim,2.632363,,,0,,,0,,,0,,,0,,,0,,,0,,,0,,,0,,,0,13.49534,0.6116899,False,False,0,0,False,True,4.028959,0,1,0
,,0,,,0,,,0,,,0,,,0,,,0,,,0,-1712036,RoadBlock,9.996105,-1712036,RoadBlock,9.343671,-1712036,RoadBlock,9.027864,-1712036,RoadBlock,8.996061,-1712036,RoadBlock,9.243287,-1712036,RoadBlock,9.810166,,,0,,,0,,,0,,,0,,,0,,,0,,,0,,,0,,,0,-1714764,Victim,4.2796,-1714764,Victim,3.458545,-1714764,Victim,2.98342,-1714764,Victim,2.70888,-1714764,Victim,3.035902,,,0,,,0,,,0,,,0,,,0,,,0,,,0,,,0,,,0,13.49529,0.6143578,False,False,0,0,False,True,4.079663,0,1,0
,,0,,,0,,,0,,,0,,,0,,,0,,,0,,,0,-1712036,RoadBlock,9.434874,-1712036,RoadBlock,9.115074,-1712036,RoadBlock,9.082112,-1712036,RoadBlock,9.330829,-1712036,RoadBlock,9.902081,,,0,,,0,,,0,,,0,,,0,,,0,,,0,,,0,,,0,-1714764,Victim,4.129636,-1714764,Victim,3.337804,-1714764,Victim,2.882753,-1714764,Victim,2.66041,-1714764,Victim,4.039679,,,0,,,0,,,0,,,0,,,0,,,0,,,0,,,0,,,0,13.49532,0.6174573,False,False,0,0,False,True,4.19066,0,1,0
,,0,,,0,,,0,,,0,,,0,,,0,,,0,,,0,-1712036,RoadBlock,9.495731,-1712036,RoadBlock,9.173399,-1712036,RoadBlock,9.139789,-1712036,RoadBlock,9.389639,-1712036,RoadBlock,9.963982,,,0,,,0,,,0,,,0,,,0,,,0,,,0,,,0,,,0,-1714764,Victim,4.0285,-1714764,Victim,3.256546,-1714764,Victim,2.813726,-1714764,Victim,2.611995,-1714764,Victim,4.041703,,,0,,,0,,,0,,,0,,,0,,,0,,,0,,,0,,,0,13.49536,0.6190501,False,False,0,0,False,True,4.148086,0,1,0
,,0,,,0,,,0,,,0,,,0,,,0,,,0,,,0,-1712036,RoadBlock,9.587104,-1712036,RoadBlock,9.261111,-1712036,RoadBlock,9.226665,-1712036,RoadBlock,9.478368,,,0,,,0,,,0,,,0,,,0,,,0,,,0,,,0,,,0,,,0,-1714764,Victim,3.875941,-1714764,Victim,3.136056,-1714764,Victim,2.737629,-1714764,Victim,3.225183,,,0,,,0,,,0,,,0,,,0,,,0,,,0,,,0,,,0,,,0,13.49539,0.6209052,False,False,0,0,False,True,4.279983,0,1,0
,,0,,,0,,,0,,,0,,,0,,,0,,,0,,,0,-1712036,RoadBlock,9.648068,-1712036,RoadBlock,9.319711,-1712036,RoadBlock,9.284778,-1712036,RoadBlock,9.537798,,,0,,,0,,,0,,,0,,,0,,,0,,,0,,,0,,,0,,,0,-1714764,Victim,3.773666,-1714764,Victim,3.056543,-1714764,Victim,2.757038,-1714764,Victim,3.646599,,,0,,,0,,,0,,,0,,,0,,,0,,,0,,,0,,,0,,,0,13.49539,0.6218614,False,False,0,0,False,True,4.555506,0,1,0
,,0,,,0,,,0,,,0,,,0,,,0,,,0,,,0,-1712036,RoadBlock,9.73958,-1712036,RoadBlock,9.407757,-1712036,RoadBlock,9.372178,-1712036,RoadBlock,9.627267,,,0,,,0,,,0,,,0,,,0,,,0,,,0,,,0,,,0,-1714764,Victim,4.968153,-1714764,Victim,3.619477,-1714764,Victim,2.943925,-1714764,Victim,2.970852,-1714764,Victim,3.940984,,,0,,,0,,,0,,,0,,,0,,,0,,,0,,,0,,,0,,,0,13.49539,0.6229733,False,False,0,0,False,True,4.415848,0,1,0
,,0,,,0,,,0,,,0,,,0,,,0,,,0,,,0,-1712036,RoadBlock,9.800625,-1712036,RoadBlock,9.466537,-1712036,RoadBlock,9.430571,-1712036,RoadBlock,9.68709,,,0,,,0,,,0,,,0,,,0,,,0,,,0,,,0,,,0,-1714764,Victim,4.818193,-1714764,Victim,3.517189,-1714764,Victim,2.891214,-1714764,Victim,3.286533,,,0,,,0,,,0,,,0,,,0,,,0,,,0,,,0,,,0,,,0,,,0,13.49511,0.6235457,False,False,0,0,False,True,4.717979,0,1,0.05020227
,,0,,,0,,,0,,,0,,,0,,,0,,,0,,,0,-1712036,RoadBlock,9.881609,-1712036,RoadBlock,9.548545,-1712036,RoadBlock,9.51592,-1712036,RoadBlock,9.778626,,,0,,,0,,,0,,,0,,,0,,,0,,,0,,,0,,,0,-1714764,Victim,4.589208,-1714764,Victim,3.361355,-1714764,Victim,2.932258,-1714764,Victim,3.563693,,,0,,,0,,,0,,,0,,,0,,,0,,,0,,,0,,,0,,,0,,,0,13.49236,0.6109495,False,False,0,0,False,True,4.599677,0,1,0.2112887
,,0,,,0,,,0,,,0,,,0,,,0,,,0,,,0,-1712036,RoadBlock,9.91048,-1712036,RoadBlock,9.58783,-1712036,RoadBlock,9.566033,-1712036,RoadBlock,9.841809,,,0,,,0,,,0,,,0,,,0,,,0,,,0,,,0,,,0,-1714764,Victim,4.407441,-1714764,Victim,3.263918,-1714764,Victim,3.274834,-1714764,Victim,3.99754,,,0,,,0,,,0,,,0,,,0,,,0,,,0,,,0,,,0,,,0,,,0,13.55832,0.5715051,False,False,0,0,False,True,4.76514,0,1,0.3187474
,,0,,,0,,,0,,,0,,,0,,,0,,,0,,,0,-1712036,RoadBlock,9.922563,-1712036,RoadBlock,9.625998,-1712036,RoadBlock,9.62977,-1712036,RoadBlock,9.934886,-1711880,Pavement (3),8.390544,-1711880,Pavement (3),6.628521,-1711880,Pavement (3),6.509224,-1711880,Pavement (3),8.028086,,,0,,,0,,,0,,,0,,,0,-1714764,Victim,4.138725,-1714764,Victim,3.348754,-1714764,Victim,3.870345,-1711856,Pavement (1),9.252143,,,0,,,0,,,0,,,0,,,0,,,0,,,0,,,0,,,0,,,0,,,0,13.47895,0.4799956,False,False,0,0,False,True,5.062796,0,1,0.1593961
,,0,,,0,,,0,,,0,,,0,,,0,,,0,,,0,-1712036,RoadBlock,9.926221,-1712036,RoadBlock,9.64755,-1712036,RoadBlock,9.668885,-1712036,RoadBlock,9.994082,-1711880,Pavement (3),7.431355,-1711880,Pavement (3),5.837162,-1711880,Pavement (3),6.62014,-1711880,Pavement (3),8.203313,,,0,,,0,,,0,,,0,,,0,-1714764,Victim,3.990693,-1714764,Victim,3.582998,-1714764,Victim,4.15959,-1711856,Pavement (1),7.866697,,,0,,,0,,,0,,,0,,,0,,,0,,,0,,,0,,,0,,,0,,,0,13.48798,0.4193026,False,False,0,0,False,True,5.197061,0,1,0.004371684
,,0,,,0,,,0,,,0,,,0,,,0,,,0,,,0,-1712036,RoadBlock,9.934525,-1712036,RoadBlock,9.67887,-1712036,RoadBlock,9.723086,,,0,-1711880,Pavement (3),8.00031,-1711880,Pavement (3),6.221057,-1711880,Pavement (3),6.770855,-1711880,Pavement (3),8.441,,,0,,,0,,,0,,,0,-1714764,Victim,5.910529,-1714764,Victim,3.880434,-1714764,Victim,4.215425,-1711856,Pavement (1),7.382461,-1711856,Pavement (1),7.934699,,,0,,,0,,,0,,,0,,,0,,,0,,,0,,,0,,,0,,,0,,,0,13.50317,0.342411,False,False,0,0,False,True,5.601663,0,1,0
,,0,,,0,,,0,,,0,,,0,,,0,,,0,,,0,-1712036,RoadBlock,9.946609,-1712036,RoadBlock,9.702566,-1712036,RoadBlock,9.758492,,,0,,,0,,,0,-1711880,Pavement (3),9.104421,-1711880,Pavement (3),8.573593,,,0,,,0,,,0,,,0,-1714764,Victim,5.700459,-1714764,Victim,4.170433,-1714764,Victim,4.646782,-1711856,Pavement (1),7.304412,-1711856,Pavement (1),6.848753,-1711856,Pavement (1),8.329859,,,0,,,0,,,0,,,0,,,0,,,0,,,0,,,0,,,0,,,0,13.49658,0.3061974,False,False,0,0,False,True,6.12469,0,1,0
,,0,,,0,,,0,,,0,,,0,,,0,,,0,,,0,-1712036,RoadBlock,9.956507,-1712036,RoadBlock,9.729101,-1712036,RoadBlock,9.802132,,,0,,,0,,,0,,,0,,,0,,,0,,,0,,,0,,,0,-1714764,Victim,5.418732,-1714764,Victim,4.71344,-1714764,Victim,5.262967,,,0,,,0,,,0,,,0,,,0,,,0,,,0,,,0,,,0,,,0,,,0,,,0,,,0,13.46189,0.2543767,False,False,0,0,False,True,6.298572,0,1,0
,,0,,,0,,,0,,,0,,,0,,,0,,,0,,,0,,,0,-1712036,RoadBlock,9.747311,-1712036,RoadBlock,9.828053,,,0,,,0,,,0,,,0,,,0,,,0,,,0,,,0,,,0,-1714764,Victim,5.286607,-1714764,Victim,5.134132,,,0,,,0,,,0,,,0,,,0,,,0,,,0,,,0,,,0,,,0,,,0,,,0,,,0,,,0,13.48241,0.2300872,False,False,0,0,False,True,6.627325,0,1,0
,,0,,,0,,,0,,,0,,,0,,,0,,,0,,,0,,,0,-1712036,RoadBlock,9.775044,-1712036,RoadBlock,9.863815,,,0,,,0,,,0,,,0,,,0,,,0,,,0,,,0,,,0,-1714764,Victim,5.357411,-1714764,Victim,5.762516,,,0,,,0,,,0,,,0,,,0,,,0,,,0,,,0,,,0,,,0,,,0,,,0,,,0,,,0,13.5262,0.203597,False,False,0,0,False,True,7.126932,0,1,0
,,0,,,0,,,0,,,0,,,0,,,0,,,0,,,0,,,0,-1712036,RoadBlock,9.793017,-1712036,RoadBlock,9.8859,,,0,,,0,,,0,,,0,,,0,,,0,,,0,,,0,,,0,-1714764,Victim,5.623691,-1714764,Victim,6.056534,,,0,,,0,,,0,,,0,,,0,,,0,,,0,,,0,,,0,,,0,,,0,,,0,,,0,,,0,13.5033,0.1896101,False,False,0,0,False,True,7.362701,0,1,0
,,0,,,0,,,0,,,0,,,0,,,0,,,0,,,0,,,0,,,0,-1712036,RoadBlock,9.91626,,,0,,,0,,,0,,,0,,,0,,,0,,,0,,,0,,,0,-1714764,Victim,6.153012,-1714764,Victim,6.631662,,,0,,,0,,,0,,,0,,,0,,,0,,,0,,,0,,,0,,,0,,,0,,,0,,,0,,,0,13.49467,0.1835586,False,False,0,0,False,True,7.826438,0,1,0.04912248
,,0,,,0,,,0,,,0,,,0,,,0,,,0,,,0,,,0,,,0,-1712036,RoadBlock,9.93442,,,0,,,0,,,0,,,0,,,0,,,0,,,0,,,0,,,0,-1714764,Victim,6.382601,,,0,,,0,,,0,,,0,,,0,,,0,,,0,,,0,,,0,,,0,,,0,,,0,,,0,,,0,,,0,13.49177,0.1835586,False,False,0,0,False,True,8.021452,0,1,0.2053667
,,0,,,0,,,0,,,0,,,0,,,0,,,0,,,0,,,0,,,0,,,0,,,0,,,0,,,0,,,0,,,0,,,0,,,0,,,0,,,0,-1714764,Victim,6.869948,,,0,,,0,,,0,,,0,,,0,,,0,,,0,,,0,,,0,,,0,,,0,,,0,,,0,,,0,,,0,13.49435,0.1835586,False,False,0,0,False,True,8.443927,1,1,0.04383728
,,0,,,0,,,0,,,0,,,0,,,0,,,0,,,0,,,0,,,0,,,0,,,0,,,0,,,0,,,0,,,0,,,0,,,0,,,0,-1714764,Victim,9.392397,-1714764,Victim,7.19079,,,0,,,0,,,0,,,0,,,0,,,0,,,0,,,0,,,0,,,0,,,0,,,0,,,0,,,0,,,0,13.49514,0.1835586,False,False,0,0,False,True,8.983869,1,1,0
,,0,,,0,,,0,,,0,,,0,,,0,,,0,,,0,,,0,,,0,,,0,,,0,,,0,,,0,,,0,,,0,,,0,,,0,,,0,-1714764,Victim,9.072179,-1714764,Victim,7.524528,,,0,,,0,,,0,,,0,,,0,,,0,,,0,,,0,,,0,,,0,,,0,,,0,,,0,,,0,,,0,13.49548,0.1835586,False,False,0,0,False,True,9.015722,1,1,0
,,0,,,0,,,0,,,0,,,0,,,0,,,0,,,0,,,0,,,0,,,0,,,0,,,0,,,0,,,0,,,0,,,0,,,0,,,0,-1714764,Victim,8.917929,-1714764,Victim,7.813812,,,0,,,0,,,0,,,0,,,0,,,0,,,0,,,0,,,0,,,0,,,0,,,0,,,0,,,0,,,0,13.49555,0.1835586,False,False,0,0,False,True,9.532832,1,1,0
,,0,,,0,,,0,,,0,,,0,,,0,,,0,,,0,,,0,,,0,,,0,,,0,,,0,,,0,,,0,,,0,,,0,,,0,,,0,-1714764,Victim,8.754601,-1714764,Victim,8.153179,,,0,,,0,,,0,,,0,,,0,,,0,,,0,,,0,,,0,,,0,,,0,,,0,,,0,,,0,,,0,13.49547,0.1835586,False,False,0,0,False,True,9.573393,1,1,0
,,0,,,0,,,0,,,0,,,0,,,0,,,0,,,0,,,0,,,0,,,0,,,0,,,0,,,0,,,0,,,0,,,0,,,0,,,0,-1714764,Victim,8.684164,-1714764,Victim,8.381579,,,0,,,0,,,0,,,0,,,0,,,0,,,0,,,0,,,0,,,0,,,0,,,0,,,0,,,0,,,0,13.49536,0.1835586,False,False,0,0,False,True,10.03925,1,1,0
,,0,,,0,,,0,,,0,,,0,,,0,,,0,,,0,,,0,,,0,,,0,,,0,,,0,,,0,,,0,,,0,,,0,,,0,,,0,-1714764,Victim,8.627257,-1714764,Victim,8.58635,,,0,,,0,,,0,,,0,,,0,,,0,,,0,,,0,,,0,,,0,,,0,,,0,,,0,,,0,,,0,13.49534,0.1835586,False,False,0,0,False,True,9.959373,1,1,0
,,0,,,0,,,0,,,0,,,0,,,0,,,0,,,0,,,0,,,0,,,0,,,0,,,0,,,0,,,0,,,0,,,0,,,0,,,0,-1714764,Victim,8.665264,-1714764,Victim,8.819321,,,0,,,0,,,0,,,0,,,0,,,0,,,0,,,0,,,0,,,0,,,0,,,0,,,0,,,0,,,0,13.49536,0.1835586,False,False,0,0,False,True,10.43228,1,1,0
,,0,,,0,,,0,,,0,,,0,,,0,,,0,,,0,,,0,,,0,,,0,,,0,,,0,,,0,,,0,,,0,,,0,,,0,,,0,-1714764,Victim,8.67485,-1714764,Victim,8.94921,,,0,,,0,,,0,,,0,,,0,,,0,,,0,,,0,,,0,,,0,,,0,,,0,,,0,,,0,,,0,13.49537,0.1835586,False,False,0,0,False,True,10.28549,1,1,0
,,0,,,0,,,0,,,0,,,0,,,0,,,0,,,0,,,0,,,0,,,0,,,0,,,0,,,0,,,0,,,0,,,0,,,0,,,0,-1714764,Victim,8.774588,-1714764,Victim,9.162184,,,0,,,0,,,0,,,0,,,0,,,0,,,0,,,0,,,0,,,0,,,0,,,0,,,0,,,0,,,0,13.49539,0.1835586,False,False,0,0,False,True,10.47625,1,1,0
,,0,,,0,,,0,,,0,,,0,,,0,,,0,,,0,,,0,,,0,,,0,,,0,,,0,,,0,,,0,,,0,,,0,,,0,,,0,-1714764,Victim,9.015095,,,0,,,0,,,0,,,0,,,0,,,0,,,0,,,0,,,0,,,0,,,0,,,0,,,0,,,0,,,0,,,0,13.49539,0.1835586,False,False,0,0,False,True,10.73596,1,1,0
,,0,,,0,,,0,,,0,,,0,,,0,,,0,,,0,,,0,,,0,,,0,,,0,,,0,,,0,,,0,,,0,,,0,,,0,,,0,-1714764,Victim,9.016776,,,0,,,0,,,0,,,0,,,0,,,0,,,0,,,0,,,0,,,0,,,0,,,0,,,0,,,0,,,0,,,0,13.49539,0.1835586,False,False,0,0,False,True,10.73758,1,1,0
,,0,,,0,,,0,,,0,,,0,,,0,,,0,,,0,,,0,,,0,,,0,,,0,,,0,,,0,,,0,,,0,,,0,,,0,,,0,-1714764,Victim,9.307591,,,0,,,0,,,0,,,0,,,0,,,0,,,0,,,0,,,0,,,0,,,0,,,0,,,0,,,0,,,0,,,0,13.49538,0.1835586,False,False,0,0,False,True,11.02167,1,1,0
,,0,,,0,,,0,,,0,,,0,,,0,,,0,,,0,,,0,,,0,,,0,,,0,,,0,,,0,,,0,,,0,,,0,,,0,,,0,-1714764,Victim,9.485167,,,0,,,0,,,0,,,0,,,0,,,0,,,0,,,0,,,0,,,0,,,0,,,0,,,0,,,0,,,0,,,0,13.49538,0.1835586,False,False,0,0,False,True,11.45782,1,1,0
,,0,,,0,,,0,,,0,,,0,,,0,,,0,,,0,,,0,,,0,,,0,,,0,,,0,,,0,,,0,,,0,,,0,,,0,,,0,-1714764,Victim,9.765973,,,0,,,0,,,0,,,0,,,0,,,0,,,0,,,0,,,0,,,0,,,0,,,0,,,0,,,0,,,0,,,0,13.49538,0.1835586,False,False,0,0,False,True,11.46428,1,1,0
,,0,,,0,,,0,,,0,,,0,,,0,,,0,,,0,,,0,,,0,,,0,,,0,,,0,,,0,,,0,,,0,,,0,,,0,,,0,-1714764,Victim,9.764211,,,0,,,0,,,0,,,0,,,0,,,0,,,0,,,0,,,0,,,0,,,0,,,0,,,0,,,0,,,0,,,0,13.49538,0.1835586,False,False,0,0,False,True,11.46274,1,1,0
,,0,,,0,,,0,,,0,,,0,,,0,,,0,,,0,,,0,,,0,,,0,,,0,,,0,,,0,,,0,,,0,,,0,,,0,,,0,-1714764,Victim,9.977009,,,0,,,0,,,0,,,0,,,0,,,0,,,0,,,0,,,0,,,0,,,0,,,0,,,0,,,0,,,0,,,0,13.49538,0.1835586,False,False,0,0,False,True,11.66818,1,1,0
,,0,,,0,,,0,,,0,,,0,,,0,,,0,,,0,,,0,,,0,,,0,,,0,,,0,,,0,,,0,,,0,,,0,,,0,,,0,,,0,,,0,,,0,,,0,,,0,,,0,,,0,,,0,,,0,,,0,,,0,,,0,,,0,,,0,,,0,,,0,,,0,13.49538,0.1835586,False,False,0,0,False,True,11.83513,0,1,0
,,0,,,0,,,0,,,0,,,0,,,0,,,0,,,0,,,0,,,0,,,0,,,0,,,0,,,0,,,0,,,0,,,0,,,0,,,0,,,0,,,0,,,0,,,0,,,0,,,0,,,0,,,0,,,0,,,0,,,0,,,0,,,0,,,0,,,0,,,0,,,0,13.49538,0.1835586,False,False,0,0,False,True,12.08399,0,1,0
,,0,,,0,,,0,,,0,,,0,,,0,,,0,,,0,,,0,,,0,,,0,,,0,,,0,,,0,,,0,,,0,,,0,,,0,,,0,,,0,,,0,,,0,,,0,,,0,,,0,,,0,,,0,,,0,,,0,,,0,,,0,,,0,,,0,,,0,,,0,,,0,13.49538,0.1835586,False,False,0,0,False,True,12.51077,0,1,0
,,0,,,0,,,0,,,0,,,0,,,0,,,0,,,0,,,0,,,0,,,0,,,0,,,0,,,0,,,0,,,0,,,0,,,0,,,0,,,0,,,0,,,0,,,0,,,0,,,0,,,0,,,0,,,0,,,0,,,0,,,0,,,0,,,0,,,0,,,0,,,0,13.49538,0.1835586,False,False,0,0,False,True,12.49891,0,1,0
,,0,,,0,,,0,,,0,,,0,,,0,,,0,,,0,,,0,,,0,,,0,,,0,,,0,,,0,,,0,,,0,,,0,,,0,,,0,,,0,,,0,,,0,,,0,,,0,,,0,,,0,,,0,,,0,,,0,,,0,,,0,,,0,,,0,,,0,,,0,,,0,13.49538,0.1835586,False,False,0,0,False,True,12.49786,0,1,0
,,0,,,0,,,0,,,0,,,0,,,0,,,0,,,0,,,0,,,0,,,0,,,0,,,0,,,0,,,0,,,0,,,0,,,0,,,0,,,0,,,0,,,0,,,0,,,0,,,0,,,0,,,0,,,0,,,0,,,0,,,0,,,0,,,0,,,0,,,0,,,0,13.49538,0.1835586,False,False,0,0,False,True,12.75293,1,1,0
,,0,,,0,,,0,,,0,,,0,,,0,,,0,,,0,,,0,,,0,,,0,,,0,,,0,,,0,,,0,,,0,,,0,,,0,,,0,,,0,,,0,,,0,,,0,,,0,,,0,,,0,,,0,,,0,,,0,,,0,,,0,,,0,,,0,,,0,,,0,,,0,13.49538,0.1835586,False,False,0,0,False,True,13.19983,1,1,0
,,0,,,0,,,0,,,0,,,0,,,0,,,0,,,0,,,0,,,0,,,0,,,0,,,0,,,0,,,0,,,0,,,0,,,0,,,0,,,0,,,0,,,0,,,0,,,0,,,0,,,0,,,0,,,0,,,0,,,0,,,0,,,0,,,0,,,0,,,0,,,0,13.49538,0.1835586,False,False,0,0,False,True,13.05993,1,1,0
,,0,,,0,,,0,,,0,,,0,,,0,,,0,,,0,-1711996,RoadBlock,9.969399,,,0,,,0,,,0,,,0,,,0,,,0,,,0,,,0,,,0,,,0,,,0,,,0,,,0,,,0,,,0,,,0,,,0,,,0,,,0,,,0,,,0,,,0,,,0,,,0,,,0,,,0,,,0,13.49538,0.1835586,False,False,0,0,False,True,13.25169,1,1,0
,,0,,,0,,,0,,,0,,,0,,,0,,,0,,,0,-1711996,RoadBlock,9.966185,,,0,,,0,,,0,,,0,,,0,,,0,,,0,,,0,,,0,,,0,,,0,,,0,,,0,,,0,,,0,,,0,,,0,,,0,,,0,,,0,,,0,,,0,,,0,,,0,,,0,,,0,,,0,13.49538,0.1835586,False,False,0,0,False,True,13.54887,1,1,0
,,0,,,0,,,0,,,0,,,0,,,0,,,0,,,0,-1711996,RoadBlock,9.964038,,,0,,,0,,,0,,,0,,,0,,,0,,,0,,,0,,,0,,,0,,,0,,,0,,,0,,,0,,,0,,,0,,,0,,,0,,,0,,,0,,,0,,,0,,,0,,,0,,,0,,,0,,,0,13.49538,0.1835586,False,False,0,0,False,True,13.57537,1,1,0
,,0,,,0,,,0,,,0,,,0,,,0,,,0,,,0,-1711996,RoadBlock,9.960812,-1711996,RoadBlock,9.816319,,,0,,,0,,,0,,,0,,,0,,,0,,,0,,,0,,,0,,,0,,,0,,,0,,,0,,,0,,,0,,,0,,,0,,,0,,,0,,,0,,,0,,,0,,,0,,,0,,,0,,,0,13.49538,0.1835586,False,False,0,0,False,True,13.87526,1,1,0
,,0,,,0,,,0,,,0,,,0,,,0,,,0,,,0,-1711996,RoadBlock,9.958656,-1711996,RoadBlock,9.814201,,,0,,,0,,,0,,,0,,,0,,,0,,,0,,,0,,,0,,,0,,,0,,,0,,,0,,,0,,,0,,,0,,,0,,,0,,,0,,,0,,,0,,,0,,,0,,,0,,,0,,,0,13.49538,0.1835586,False,False,0,0,False,True,13.93259,1,1,0
,,0,,,0,,,0,,,0,,,0,,,0,,,0,,,0,-1711996,RoadBlock,9.95542,-1711996,RoadBlock,9.811019,-1711996,RoadBlock,9.968447,,,0,,,0,,,0,,,0,,,0,,,0,,,0,,,0,,,0,,,0,,,0,,,0,,,0,,,0,,,0,,,0,,,0,,,0,,,0,,,0,,,0,,,0,,,0,,,0,,,0,13.49538,0.1835586,False,False,0,0,False,True,14.29717,1,1,0
,,0,,,0,,,0,,,0,,,0,,,0,,,0,,,0,-1711996,RoadBlock,9.953259,-1711996,RoadBlock,9.808893,-1711996,RoadBlock,9.96629,,,0,,,0,,,0,,,0,,,0,,,0,,,0,,,0,,,0,,,0,,,0,,,0,,,0,,,0,,,0,,,0,,,0,,,0,,,0,,,0,,,0,,,0,,,0,,,0,,,0,13.49538,0.1835586,False,False,0,0,False,True,14.82577,1,1,0
,,0,,,0,,,0,,,0,,,0,,,0,,,0,,,0,-1711996,RoadBlock,9.950018,-1711996,RoadBlock,9.805702,-1711996,RoadBlock,9.963053,,,0,,,0,,,0,,,0,,,0,,,0,,,0,,,0,,,0,,,0,,,0,,,0,,,0,,,0,,,0,,,0,,,0,,,0,,,0,,,0,,,0,,,0,,,0,,,0,,,0,13.49538,0.1835586,False,False,0,0,False,True,14.86632,1,1,0
,,0,,,0,,,0,,,0,,,0,,,0,,,0,,,0,-1711996,RoadBlock,9.947854,-1711996,RoadBlock,9.803572,-1711996,RoadBlock,9.96089,,,0,,,0,,,0,,,0,,,0,,,0,,,0,,,0,,,0,,,0,,,0,,,0,,,0,,,0,,,0,,,0,,,0,,,0,,,0,,,0,,,0,,,0,,,0,,,0,,,0,13.43688,0.1835586,False,False,0,0,False,True,15.45197,1,1,0
,,0,,,0,,,0,,,0,,,0,,,0,,,0,,,0,-1711996,RoadBlock,9.944572,-1711996,RoadBlock,9.801215,-1711996,RoadBlock,9.959334,,,0,,,0,,,0,,,0,,,0,,,0,,,0,,,0,,,0,,,0,,,0,,,0,,,0,,,0,,,0,,,0,,,0,,,0,,,0,,,0,,,0,,,0,,,0,,,0,,,0,13.43675,0.1835586,False,False,0,0,False,True,15.61733,1,1,0
-1711836,RoadBlock,3.806068,-1711836,RoadBlock,3.864746,-1711836,RoadBlock,4.050169,-1711844,Pavement,9.512461,-1711844,Pavement,9.943769,,,0,,,0,,,0,-1711996,RoadBlock,9.942297,-1711996,RoadBlock,9.799804,-1711996,RoadBlock,9.958695,,,0,,,0,,,0,,,0,,,0,,,0,,,0,,,0,,,0,,,0,,,0,,,0,,,0,,,0,,,0,,,0,,,0,,,0,,,0,,,0,,,0,-1711868,Pavement (2),9.943854,,,0,-1711836,RoadBlock,4.050186,,,0,13.63661,-0.02272814,False,False,0,0,False,True,15.98242,1,1,0
-1711836,RoadBlock,2.830551,-1711836,RoadBlock,2.874157,-1711836,RoadBlock,3.011963,-1711844,Pavement,9.504231,-1711844,Pavement,7.41631,-1711844,Pavement,8.812789,,,0,,,0,-1711996,RoadBlock,9.93899,-1711996,RoadBlock,9.797009,-1711996,RoadBlock,9.956306,,,0,,,0,,,0,,,0,,,0,,,0,,,0,,,0,,,0,,,0,,,0,,,0,,,0,,,0,,,0,,,0,,,0,,,0,,,0,,,0,-1711868,Pavement (2),8.812847,-1711868,Pavement (2),8.170594,,,0,-1711836,RoadBlock,3.01197,,,0,13.36036,-0.02272814,False,False,0,0,False,True,16.50655,1,1,0
-1711836,RoadBlock,3.014595,-1711836,RoadBlock,3.062737,-1711836,RoadBlock,3.211509,-1711844,Pavement,9.524036,-1711844,Pavement,7.89974,-1711844,Pavement,9.420372,,,0,,,0,-1711996,RoadBlock,9.940893,-1711996,RoadBlock,9.79669,-1711996,RoadBlock,9.953751,,,0,,,0,,,0,,,0,,,0,,,0,,,0,,,0,,,0,,,0,,,0,,,0,,,0,,,0,,,0,,,0,,,0,,,0,,,0,,,0,-1711868,Pavement (2),9.350364,-1711868,Pavement (2),8.159458,,,0,-1711836,RoadBlock,3.204195,,,0,13.54132,-0.01582691,False,False,0,0,False,True,17.08531,1,1,-0.1692664
-1711836,RoadBlock,6.043753,-1711836,RoadBlock,6.178702,-1711836,RoadBlock,6.522469,,,0,,,0,,,0,,,0,,,0,-1711996,RoadBlock,9.9658,-1711996,RoadBlock,9.807322,-1711996,RoadBlock,9.950437,,,0,,,0,,,0,,,0,,,0,,,0,,,0,,,0,,,0,,,0,,,0,,,0,,,0,,,0,,,0,,,0,,,0,,,0,,,0,,,0,,,0,,,0,,,0,-1711836,RoadBlock,6.343075,,,0,13.44143,0.02790679,False,False,0,0,False,True,17.20375,1,1,-0.2242648
,,0,,,0,,,0,,,0,,,0,,,0,,,0,,,0,-1711996,RoadBlock,9.996408,-1711996,RoadBlock,9.822898,-1711996,RoadBlock,9.951514,,,0,,,0,,,0,,,0,,,0,,,0,,,0,,,0,,,0,,,0,,,0,,,0,,,0,,,0,,,0,,,0,,,0,,,0,,,0,,,0,,,0,,,0,,,0,,,0,,,0,13.63008,0.07236175,False,False,0,0,False,True,17.77675,1,1,-0.06953136
,,0,,,0,,,0,,,0,,,0,,,0,,,0,,,0,,,0,-1711996,RoadBlock,9.851477,-1711996,RoadBlock,9.961599,,,0,,,0,,,0,,,0,,,0,,,0,,,0,,,0,,,0,,,0,,,0,,,0,,,0,,,0,,,0,,,0,,,0,,,0,,,0,,,0,,,0,,,0,,,0,,,0,,,0,13.51623,0.1316259,False,False,0,0,False,True,17.94658,1,1,0
,,0,,,0,,,0,,,0,,,0,,,0,,,0,,,0,,,0,-1711996,RoadBlock,9.871861,-1711996,RoadBlock,9.973121,,,0,,,0,,,0,,,0,,,0,,,0,,,0,,,0,,,0,,,0,,,0,,,0,,,0,,,0,,,0,,,0,,,0,,,0,,,0,,,0,,,0,,,0,,,0,,,0,,,0,13.50492,0.1617252,False,False,0,0,False,True,18.08903,1,1,0
,,0,,,0,,,0,,,0,,,0,,,0,,,0,,,0,,,0,-1711996,RoadBlock,9.904102,-1711996,RoadBlock,9.995603,,,0,,,0,,,0,,,0,,,0,,,0,,,0,,,0,,,0,,,0,,,0,,,0,,,0,,,0,,,0,,,0,,,0,,,0,,,0,,,0,,,0,,,0,,,0,,,0,,,0,13.49216,0.1961152,False,False,0,0,False,True,18.48349,1,1,0
,,0,,,0,,,0,,,0,,,0,,,0,,,0,,,0,,,0,-1711996,RoadBlock,9.926549,-1711996,RoadBlock,10.01313,,,0,,,0,,,0,,,0,,,0,,,0,,,0,,,0,,,0,,,0,,,0,,,0,,,0,,,0,,,0,,,0,,,0,,,0,,,0,,,0,,,0,,,0,,,0,,,0,,,0,13.49501,0.21358,False,False,0,0,False,True,18.9731,1,1,0
,,0,,,0,,,0,,,0,,,0,,,0,,,0,,,0,,,0,-1711996,RoadBlock,9.961399,,,0,,,0,,,0,,,0,,,0,,,0,,,0,,,0,,,0,,,0,,,0,,,0,,,0,,,0,,,0,,,0,,,0,,,0,,,0,,,0,,,0,,,0,,,0,,,0,,,0,,,0,13.49646,0.2337086,False,False,0,0,False,True,18.93695,1,1,0
,,0,,,0,,,0,,,0,,,0,,,0,,,0,,,0,,,0,-1711996,RoadBlock,9.985291,,,0,,,0,,,0,,,0,,,0,,,0,,,0,,,0,,,0,,,0,,,0,,,0,,,0,,,0,,,0,,,0,,,0,,,0,,,0,,,0,,,0,,,0,,,0,,,0,,,0,,,0,13.4959,0.2439921,False,False,0,0,False,True,19.41859,1,1,0.04940254
,,0,,,0,,,0,,,0,,,0,,,0,,,0,,,0,,,0,,,0,,,0,,,0,,,0,,,0,,,0,,,0,,,0,,,0,,,0,,,0,,,0,,,0,,,0,,,0,,,0,,,0,,,0,,,0,,,0,,,0,,,0,,,0,,,0,,,0,,,0,,,0,13.49243,0.2422859,False,False,0,0,False,True,19.45629,1,1,0.1612746
,,0,,,0,,,0,,,0,,,0,,,0,,,0,,,0,,,0,,,0,,,0,,,0,,,0,,,0,,,0,,,0,,,0,,,0,,,0,,,0,,,0,,,0,,,0,,,0,,,0,,,0,,,0,-1711986,RoadBlock,10.01535,,,0,,,0,,,0,,,0,,,0,,,0,,,0,,,0,13.49503,0.229687,False,False,0,0,False,True,19.47183,1,1,0.000245057
,,0,,,0,,,0,,,0,,,0,,,0,,,0,,,0,,,0,,,0,,,0,,,0,,,0,,,0,,,0,,,0,,,0,,,0,,,0,,,0,,,0,,,0,,,0,,,0,,,0,,,0,,,0,-1711986,RoadBlock,9.987396,,,0,,,0,,,0,,,0,,,0,,,0,,,0,,,0,13.49504,0.2151769,False,False,0,0,False,True,19.7382,1,1,0
,,0,,,0,,,0,,,0,,,0,,,0,,,0,,,0,,,0,,,0,,,0,,,0,,,0,,,0,,,0,,,0,,,0,,,0,,,0,,,0,,,0,,,0,,,0,,,0,,,0,,,0,,,0,-1711986,RoadBlock,9.969033,,,0,,,0,,,0,,,0,,,0,,,0,,,0,,,0,13.49524,0.2077648,False,False,0,0,False,True,20.19527,1,1,0
,,0,,,0,,,0,,,0,,,0,,,0,,,0,,,0,,,0,,,0,,,0,,,0,,,0,,,0,,,0,,,0,,,0,,,0,,,0,,,0,,,0,,,0,,,0,,,0,,,0,,,0,,,0,-1711986,RoadBlock,9.941918,,,0,,,0,,,0,,,0,,,0,,,0,,,0,,,0,13.49533,0.1992038,False,False,0,0,False,True,20.05547,1,1,0
,,0,,,0,,,0,,,0,,,0,,,0,,,0,,,0,,,0,,,0,,,0,,,0,,,0,,,0,,,0,,,0,,,0,,,0,,,0,,,0,,,0,,,0,,,0,,,0,,,0,,,0,,,0,-1711986,RoadBlock,9.924093,,,0,,,0,,,0,,,0,,,0,,,0,,,0,,,0,13.4954,0.1948229,False,False,0,0,False,True,20.51323,1,1,0
,,0,,,0,,,0,,,0,,,0,,,0,,,0,,,0,,,0,,,0,,,0,,,0,,,0,,,0,,,0,,,0,,,0,,,0,,,0,,,0,,,0,,,0,,,0,,,0,,,0,,,0,,,0,-1711986,RoadBlock,9.897659,-1711986,RoadBlock,9.992092,,,0,,,0,,,0,,,0,,,0,,,0,,,0,13.4954,0.1897754,False,False,0,0,False,True,20.50251,1,1,0
,,0,,,0,,,0,,,0,,,0,,,0,,,0,,,0,,,0,,,0,,,0,,,0,,,0,,,0,,,0,,,0,,,0,,,0,,,0,,,0,,,0,,,0,,,0,,,0,,,0,,,0,,,0,-1711986,RoadBlock,9.88021,-1711986,RoadBlock,9.975266,,,0,,,0,,,0,,,0,,,0,,,0,,,0,13.49539,0.18718,False,False,0,0,False,True,20.5061,1,1,0
,,0,,,0,,,0,,,0,,,0,,,0,,,0,,,0,,,0,,,0,,,0,,,0,,,0,,,0,,,0,,,0,,,0,,,0,,,0,,,0,,,0,,,0,,,0,,,0,,,0,,,0,,,0,-1711986,RoadBlock,9.854543,-1711986,RoadBlock,9.950678,,,0,,,0,,,0,,,0,,,0,,,0,,,0,13.49512,0.1828209,False,False,0,0,False,True,20.79477,1,1,0.04970558
,,0,,,0,,,0,,,0,,,0,,,0,,,0,,,0,,,0,,,0,,,0,,,0,,,0,,,0,,,0,,,0,,,0,,,0,,,0,,,0,,,0,,,0,,,0,,,0,,,0,,,0,,,0,-1711986,RoadBlock,9.840228,-1712174,RoadBlock,9.94029,,,0,,,0,,,0,,,0,,,0,,,0,,,0,13.49002,0.1694324,False,False,0,0,False,True,21.2312,1,1,0.211223
,,0,,,0,,,0,,,0,,,0,,,0,,,0,,,0,,,0,,,0,,,0,,,0,,,0,,,0,,,0,,,0,,,0,,,0,,,0,,,0,,,0,,,0,,,0,,,0,,,0,,,0,-1711986,RoadBlock,10.0147,-1711986,RoadBlock,9.828628,-1712174,RoadBlock,9.945058,,,0,,,0,,,0,,,0,,,0,,,0,,,0,13.37891,0.1174697,False,False,0,0,False,True,21.20629,1,1,0.09130012
,,0,,,0,,,0,,,0,,,0,,,0,,,0,,,0,,,0,,,0,,,0,,,0,,,0,-1711844,Pavement,9.180495,-1711844,Pavement,7.954584,,,0,,,0,,,0,,,0,,,0,,,0,-1711868,Pavement (2),9.870053,-1711868,Pavement (2),7.970698,-1711868,Pavement (2),9.551477,,,0,,,0,-1711986,RoadBlock,9.999695,-1711986,RoadBlock,9.824979,-1712174,RoadBlock,9.952549,,,0,,,0,,,0,,,0,,,0,,,0,,,0,13.48923,0.08230651,False,False,0,0,False,True,21.22565,1,1,0
,,0,,,0,,,0,,,0,,,0,,,0,,,0,,,0,,,0,,,0,,,0,,,0,,,0,-1711844,Pavement,8.145823,-1711844,Pavement,8.024631,,,0,,,0,,,0,,,0,,,0,,,0,-1711868,Pavement (2),9.735888,-1711868,Pavement (2),7.552329,-1711868,Pavement (2),8.152015,,,0,,,0,-1711986,RoadBlock,9.984414,-1712174,RoadBlock,9.823292,-1712174,RoadBlock,9.964324,,,0,,,0,,,0,,,0,,,0,,,0,,,0,13.49737,0.03881596,False,False,0,0,False,True,21.4894,1,1,0
,,0,,,0,,,0,,,0,,,0,,,0,,,0,,,0,,,0,,,0,,,0,,,0,,,0,-1711844,Pavement,8.607636,-1711844,Pavement,8.061904,,,0,,,0,,,0,,,0,,,0,,,0,-1711868,Pavement (2),9.669593,-1711868,Pavement (2),7.517743,-1711868,Pavement (2),8.489149,,,0,,,0,-1711986,RoadBlock,9.978292,-1712174,RoadBlock,9.824221,-1712174,RoadBlock,9.972306,,,0,,,0,,,0,,,0,,,0,,,0,,,0,13.49645,0.01532421,False,False,0,0,False,True,21.96477,1,1,0
,,0,,,0,,,0,,,0,,,0,,,0,,,0,,,0,,,0,,,0,,,0,,,0,,,0,,,0,,,0,,,0,,,0,,,0,,,0,,,0,,,0,,,0,,,0,,,0,,,0,,,0,-1712174,RoadBlock,9.974268,-1712174,RoadBlock,9.827206,-1712174,RoadBlock,9.982419,,,0,,,0,,,0,,,0,,,0,,,0,,,0,13.42122,-0.01083541,False,False,0,0,False,True,21.9042,1,1,0
,,0,,,0,,,0,,,0,,,0,,,0,,,0,,,0,,,0,,,0,,,0,,,0,,,0,,,0,,,0,,,0,,,0,,,0,,,0,,,0,,,0,,,0,,,0,,,0,,,0,,,0,-1712174,RoadBlock,9.973653,-1712174,RoadBlock,9.830141,-1712174,RoadBlock,9.989017,,,0,,,0,,,0,,,0,,,0,,,0,,,0,13.48094,-0.02462966,False,False,0,0,False,True,22.16642,1,1,0
,,0,,,0,,,0,,,0,,,0,,,0,,,0,,,0,,,0,,,0,,,0,,,0,,,0,,,0,,,0,,,0,,,0,,,0,,,0,,,0,,,0,,,0,,,0,,,0,,,0,,,0,-1712174,RoadBlock,9.974767,-1712174,RoadBlock,9.835973,-1712174,RoadBlock,9.999764,,,0,,,0,,,0,,,0,,,0,,,0,,,0,13.50723,-0.04083087,False,False,0,0,False,True,22.6078,1,1,0
,,0,,,0,,,0,,,0,,,0,,,0,,,0,,,0,,,0,,,0,,,0,,,0,,,0,,,0,,,0,,,0,,,0,,,0,,,0,,,0,,,0,,,0,,,0,,,0,,,0,,,0,-1712174,RoadBlock,9.97678,-1712174,RoadBlock,9.840633,-1712174,RoadBlock,10.00722,,,0,,,0,,,0,,,0,,,0,,,0,,,0,13.50435,-0.04913911,False,False,0,0,False,True,22.79,1,1,0
,,0,,,0,,,0,,,0,,,0,,,0,,,0,,,0,,,0,,,0,,,0,,,0,,,0,,,0,,,0,,,0,,,0,,,0,,,0,,,0,,,0,,,0,,,0,,,0,,,0,,,0,-1712174,RoadBlock,9.981563,-1712174,RoadBlock,9.848509,,,0,,,0,,,0,,,0,,,0,,,0,,,0,,,0,13.49584,-0.0587847,False,False,0,0,False,True,23.29289,1,1,0
,,0,,,0,,,0,,,0,,,0,,,0,,,0,,,0,,,0,,,0,,,0,,,0,,,0,,,0,,,0,,,0,,,0,,,0,,,0,,,0,,,0,,,0,,,0,,,0,,,0,,,0,-1712174,RoadBlock,9.985789,-1712174,RoadBlock,9.854239,,,0,,,0,,,0,,,0,,,0,,,0,,,0,,,0,13.49488,-0.06370518,False,False,0,0,False,True,23.64758,1,1,0
,,0,,,0,,,0,,,0,,,0,,,0,,,0,,,0,,,0,,,0,,,0,,,0,,,0,,,0,,,0,,,0,,,0,,,0,,,0,,,0,,,0,,,0,,,0,,,0,,,0,,,0,-1712174,RoadBlock,9.993375,-1712174,RoadBlock,9.863437,,,0,,,0,,,0,,,0,,,0,,,0,,,0,,,0,13.49471,-0.06932369,False,False,0,0,False,True,24.17626,1,1,0
,,0,,,0,,,0,,,0,,,0,,,0,,,0,,,0,,,0,,,0,,,0,,,0,,,0,,,0,,,0,,,0,,,0,,,0,,,0,,,0,,,0,,,0,,,0,,,0,,,0,,,0,-1712174,RoadBlock,9.999087,-1712174,RoadBlock,9.869918,,,0,,,0,,,0,,,0,,,0,,,0,,,0,,,0,13.49496,-0.07222652,False,False,0,0,False,True,24.40787,1,1,0
,,0,,,0,,,0,,,0,,,0,,,0,,,0,,,0,,,0,,,0,,,0,,,0,,,0,,,0,,,0,,,0,,,0,,,0,,,0,,,0,,,0,,,0,,,0,,,0,,,0,,,0,-1712174,RoadBlock,10.00839,-1712174,RoadBlock,9.880079,,,0,,,0,,,0,,,0,,,0,,,0,,,0,,,0,13.49539,-0.0755897,False,False,0,0,False,True,24.88024,1,1,0
,,0,,,0,,,0,,,0,,,0,,,0,,,0,,,0,,,0,,,0,,,0,,,0,,,0,,,0,,,0,,,0,,,0,,,0,,,0,,,0,,,0,,,0,,,0,,,0,,,0,,,0,,,0,-1712174,RoadBlock,9.887094,,,0,,,0,,,0,,,0,,,0,,,0,,,0,,,0,13.49554,-0.07733003,False,False,0,0,False,True,25.43192,1,1,0
,,0,,,0,,,0,,,0,,,0,,,0,,,0,,,0,,,0,,,0,,,0,,,0,,,0,,,0,,,0,,,0,,,0,,,0,,,0,,,0,,,0,,,0,,,0,,,0,,,0,,,0,,,0,-1712174,RoadBlock,9.897904,,,0,,,0,,,0,,,0,,,0,,,0,,,0,,,0,13.4955,-0.07937773,False,False,0,0,False,True,25.59252,1,1,0
,,0,,,0,,,0,,,0,,,0,,,0,,,0,,,0,,,0,,,0,,,0,,,0,,,0,,,0,,,0,,,0,,,0,,,0,,,0,,,0,,,0,,,0,,,0,,,0,,,0,,,0,,,0,-1712174,RoadBlock,9.905263,,,0,,,0,,,0,,,0,,,0,,,0,,,0,,,0,13.49542,-0.08040635,False,False,0,0,False,True,25.73954,1,1,0
,,0,,,0,,,0,,,0,,,0,,,0,,,0,,,0,,,0,,,0,,,0,,,0,,,0,,,0,,,0,,,0,,,0,,,0,,,0,,,0,,,0,,,0,,,0,,,0,,,0,,,0,,,0,-1712174,RoadBlock,9.916484,,,0,,,0,,,0,,,0,,,0,,,0,,,0,,,0,13.49536,-0.08163715,False,False,0,0,False,True,26.12967,1,1,0
,,0,,,0,,,0,,,0,,,0,,,0,,,0,,,0,,,0,,,0,,,0,,,0,,,0,,,0,,,0,,,0,,,0,,,0,,,0,,,0,,,0,,,0,,,0,,,0,,,0,,,0,,,0,-1712174,RoadBlock,9.924066,,,0,,,0,,,0,,,0,,,0,,,0,,,0,,,0,13.49535,-0.0822587,False,False,0,0,False,True,26.63195,1,1,0
,,0,,,0,,,0,,,0,,,0,,,0,,,0,,,0,,,0,,,0,,,0,,,0,,,0,,,0,,,0,,,0,,,0,,,0,,,0,,,0,,,0,,,0,,,0,,,0,,,0,,,0,,,0,-1712174,RoadBlock,9.935562,,,0,,,0,,,0,,,0,,,0,,,0,,,0,,,0,13.49536,-0.08299226,False,False,0,0,False,True,26.69558,1,1,0
,,0,,,0,,,0,,,0,,,0,,,0,,,0,,,0,,,0,,,0,,,0,,,0,,,0,,,0,,,0,,,0,,,0,,,0,,,0,,,0,,,0,,,0,,,0,,,0,,,0,,,0,,,0,-1712174,RoadBlock,9.943294,,,0,,,0,,,0,,,0,,,0,,,0,,,0,,,0,13.49538,-0.08336928,False,False,0,0,False,True,26.75273,1,1,0
,,0,,,0,,,0,,,0,,,0,,,0,,,0,,,0,,,0,,,0,,,0,,,0,,,0,,,0,,,0,,,0,,,0,,,0,,,0,,,0,,,0,,,0,,,0,,,0,,,0,,,0,,,0,-1712174,RoadBlock,9.954972,,,0,,,0,,,0,,,0,,,0,,,0,,,0,,,0,13.49539,-0.08381461,False,False,0,0,False,True,26.98753,1,1,0
,,0,,,0,,,0,,,0,,,0,,,0,,,0,,,0,,,0,,,0,,,0,,,0,,,0,,,0,,,0,,,0,,,0,,,0,,,0,,,0,,,0,,,0,,,0,,,0,,,0,,,0,,,0,-1712174,RoadBlock,9.962802,,,0,,,0,,,0,,,0,,,0,,,0,,,0,,,0,13.49539,-0.08404684,False,False,0,0,False,True,27.1629,1,1,0
,,0,,,0,,,0,,,0,,,0,,,0,,,0,,,0,,,0,,,0,,,0,,,0,,,0,,,0,,,0,,,0,,,0,,,0,,,0,,,0,,,0,,,0,,,0,,,0,,,0,,,0,,,0,-1712174,RoadBlock,9.974597,,,0,,,0,,,0,,,0,,,0,,,0,,,0,,,0,13.49539,-0.08427907,False,False,0,0,False,True,27.4506,1,1,0
,,0,,,0,,,0,,,0,,,0,,,0,,,0,,,0,,,0,,,0,,,0,,,0,,,0,,,0,,,0,,,0,,,0,,,0,,,0,,,0,,,0,,,0,,,0,,,0,,,0,,,0,,,0,-1712174,RoadBlock,9.982489,,,0,,,0,,,0,,,0,,,0,,,0,,,0,,,0,13.49538,-0.0844184,False,False,0,0,False,True,27.46912,1,1,0
,,0,,,0,,,0,,,0,,,0,,,0,,,0,,,0,,,0,,,0,,,0,,,0,,,0,,,0,,,0,,,0,,,0,,,0,,,0,,,0,,,0,,,0,,,0,,,0,,,0,,,0,,,0,-1712174,RoadBlock,9.994359,,,0,,,0,,,0,,,0,,,0,,,0,,,0,,,0,13.49538,-0.08460418,False,False,0,0,False,True,27.74554,1,1,0
,,0,,,0,,,0,,,0,,,0,,,0,,,0,,,0,,,0,,,0,,,0,,,0,,,0,,,0,,,0,,,0,,,0,,,0,,,0,,,0,,,0,,,0,,,0,,,0,,,0,,,0,,,0,-1712174,RoadBlock,10.00229,,,0,,,0,,,0,,,0,,,0,,,0,,,0,,,0,13.49538,-0.08465063,False,False,0,0,False,True,28.17182,1,1,0
,,0,,,0,,,0,,,0,,,0,,,0,,,0,,,0,,,0,,,0,,,0,,,0,,,0,,,0,,,0,,,0,,,0,,,0,,,0,,,0,,,0,,,0,,,0,,,0,,,0,,,0,,,0,-1712174,RoadBlock,10.01421,,,0,,,0,,,0,,,0,,,0,,,0,,,0,,,0,13.49538,-0.08476537,False,False,0,0,False,True,28.18857,1,1,0
,,0,,,0,,,0,,,0,,,0,,,0,,,0,,,0,,,0,-1712184,RoadBlock,10.00988,,,0,,,0,,,0,,,0,,,0,,,0,,,0,,,0,,,0,,,0,,,0,,,0,,,0,,,0,,,0,,,0,,,0,,,0,,,0,,,0,,,0,,,0,,,0,,,0,,,0,,,0,13.49538,-0.08481182,False,False,0,0,False,True,28.19766,1,1,0
,,0,,,0,,,0,,,0,,,0,,,0,,,0,,,0,,,0,-1712184,RoadBlock,9.997929,,,0,,,0,,,0,,,0,,,0,,,0,,,0,,,0,,,0,,,0,,,0,,,0,,,0,,,0,,,0,,,0,,,0,,,0,,,0,,,0,,,0,,,0,,,0,,,0,,,0,,,0,13.49538,-0.08488149,False,False,0,0,False,True,28.47775,1,1,0
,,0,,,0,,,0,,,0,,,0,,,0,,,0,,,0,,,0,-1712184,RoadBlock,9.989958,,,0,,,0,,,0,,,0,,,0,,,0,,,0,,,0,,,0,,,0,,,0,,,0,,,0,,,0,,,0,,,0,,,0,,,0,,,0,,,0,,,0,,,0,,,0,,,0,,,0,,,0,13.49538,-0.08490472,False,False,0,0,False,True,28.91942,1,1,0
,,0,,,0,,,0,,,0,,,0,,,0,,,0,,,0,,,0,-1712184,RoadBlock,9.97799,,,0,,,0,,,0,,,0,,,0,,,0,,,0,,,0,,,0,,,0,,,0,,,0,,,0,,,0,,,0,,,0,,,0,,,0,,,0,,,0,,,0,,,0,,,0,,,0,,,0,,,0,13.49538,-0.08492657,False,False,0,0,False,True,28.87994,1,1,0
,,0,,,0,,,0,,,0,,,0,,,0,,,0,,,0,,,0,-1712184,RoadBlock,9.970007,,,0,,,0,,,0,,,0,,,0,,,0,,,0,,,0,,,0,,,0,,,0,,,0,,,0,,,0,,,0,,,0,,,0,,,0,,,0,,,0,,,0,,,0,,,0,,,0,,,0,,,0,13.49538,-0.08497301,False,False,0,0,False,True,28.89533,1,1,0
,,0,,,0,,,0,,,0,,,0,,,0,,,0,,,0,,,0,-1712184,RoadBlock,9.958027,,,0,,,0,,,0,,,0,,,0,,,0,,,0,,,0,,,0,,,0,,,0,,,0,,,0,,,0,,,0,,,0,,,0,,,0,,,0,,,0,,,0,,,0,,,0,,,0,,,0,,,0,13.49538,-0.08497301,False,False,0,0,False,True,29.18115,1,1,0
,,0,,,0,,,0,,,0,,,0,,,0,,,0,,,0,,,0,-1712184,RoadBlock,9.950037,,,0,,,0,,,0,,,0,,,0,,,0,,,0,,,0,,,0,,,0,,,0,,,0,,,0,,,0,,,0,,,0,,,0,,,0,,,0,,,0,,,0,,,0,,,0,,,0,,,0,,,0,13.49538,-0.08497301,False,False,0,0,False,True,29.66897,1,1,0
,,0,,,0,,,0,,,0,,,0,,,0,,,0,,,0,,,0,-1712184,RoadBlock,9.938049,,,0,,,0,,,0,,,0,,,0,,,0,,,0,,,0,,,0,,,0,,,0,,,0,,,0,,,0,,,0,,,0,,,0,,,0,,,0,,,0,,,0,,,0,,,0,,,0,,,0,,,0,13.49538,-0.08501946,False,False,0,0,False,True,29.74576,1,1,0
,,0,,,0,,,0,,,0,,,0,,,0,,,0,,,0,,,0,-1712184,RoadBlock,9.930056,,,0,,,0,,,0,,,0,,,0,,,0,,,0,,,0,,,0,,,0,,,0,,,0,,,0,,,0,,,0,,,0,,,0,,,0,,,0,,,0,,,0,,,0,,,0,,,0,,,0,,,0,13.49538,-0.08501946,False,False,0,0,False,True,29.88258,1,1,0
,,0,,,0,,,0,,,0,,,0,,,0,,,0,,,0,,,0,-1712184,RoadBlock,9.918061,,,0,,,0,,,0,,,0,,,0,,,0,,,0,,,0,,,0,,,0,,,0,,,0,,,0,,,0,,,0,,,0,,,0,,,0,,,0,,,0,,,0,,,0,,,0,,,0,,,0,,,0,13.49538,-0.08501946,False,False,0,0,False,True,30.32134,1,1,0
,,0,,,0,,,0,,,0,,,0,,,0,,,0,,,0,,,0,-1712184,RoadBlock,9.910064,,,0,,,0,,,0,,,0,,,0,,,0,,,0,,,0,,,0,,,0,,,0,,,0,,,0,,,0,,,0,,,0,,,0,,,0,,,0,,,0,,,0,,,0,,,0,,,0,,,0,,,0,13.49538,-0.08501946,False,False,0,0,False,True,30.5325,1,1,0
,,0,,,0,,,0,,,0,,,0,,,0,,,0,,,0,,,0,-1712184,RoadBlock,9.898067,,,0,,,0,,,0,,,0,,,0,,,0,,,0,,,0,,,0,,,0,,,0,,,0,,,0,,,0,,,0,,,0,,,0,,,0,,,0,,,0,,,0,,,0,,,0,,,0,,,0,,,0,13.49538,-0.08501946,False,False,0,0,False,True,31.05535,1,1,0
,,0,,,0,,,0,,,0,,,0,,,0,,,0,,,0,,,0,-1712184,RoadBlock,9.890069,,,0,,,0,,,0,,,0,,,0,,,0,,,0,,,0,,,0,,,0,,,0,,,0,,,0,,,0,,,0,,,0,,,0,,,0,,,0,,,0,,,0,,,0,,,0,,,0,,,0,,,0,13.49538,-0.08501946,False,False,0,0,False,True,31.68673,1,1,0
,,0,,,0,,,0,,,0,,,0,,,0,,,0,,,0,-1712184,RoadBlock,10.00431,-1712184,RoadBlock,9.878071,,,0,,,0,,,0,,,0,,,0,,,0,,,0,,,0,,,0,,,0,,,0,,,0,,,0,,,0,,,0,,,0,,,0,,,0,,,0,,,0,,,0,,,0,,,0,,,0,,,0,,,0,13.49538,-0.08501946,False,False,0,0,False,True,31.92993,1,1,0
,,0,,,0,,,0,,,0,,,0,,,0,,,0,,,0,-1712184,RoadBlock,9.996203,-1712184,RoadBlock,9.870071,,,0,,,0,,,0,,,0,,,0,,,0,,,0,,,0,,,0,,,0,,,0,,,0,,,0,,,0,,,0,,,0,,,0,,,0,,,0,,,0,,,0,,,0,,,0,,,0,,,0,,,0,13.49538,-0.08501946,False,False,0,0,False,True,32.16161,1,1,0
,,0,,,0,,,0,,,0,,,0,,,0,,,0,,,0,-1712184,RoadBlock,9.984051,-1712184,RoadBlock,9.858072,,,0,,,0,,,0,,,0,,,0,,,0,,,0,,,0,,,0,,,0,,,0,,,0,,,0,,,0,,,0,,,0,,,0,,,0,,,0,,,0,,,0,,,0,,,0,,,0,,,0,,,0,13.49538,-0.08504269,False,False,0,0,False,True,32.64692,1,1,0
,,0,,,0,,,0,,,0,,,0,,,0,,,0,,,0,-1712184,RoadBlock,9.975948,-1712184,RoadBlock,9.850071,,,0,,,0,,,0,,,0,,,0,,,0,,,0,,,0,,,0,,,0,,,0,,,0,,,0,,,0,,,0,,,0,,,0,,,0,,,0,,,0,,,0,,,0,,,0,,,0,,,0,,,0,13.49538,-0.08504269,False,False,0,0,False,True,33.2115,1,1,0
,,0,,,0,,,0,,,0,,,0,,,0,,,0,,,0,-1712184,RoadBlock,9.963795,-1712184,RoadBlock,9.838071,,,0,,,0,,,0,,,0,,,0,,,0,,,0,,,0,,,0,,,0,,,0,,,0,,,0,,,0,,,0,,,0,,,0,,,0,,,0,,,0,,,0,,,0,,,0,,,0,,,0,,,0,13.49538,-0.08504269,False,False,0,0,False,True,33.26274,1,1,0
,,0,,,0,,,0,,,0,,,0,,,0,,,0,,,0,-1712184,RoadBlock,9.95569,-1712184,RoadBlock,9.83007,-1712184,RoadBlock,10.00695,,,0,,,0,,,0,,,0,,,0,,,0,,,0,,,0,,,0,,,0,,,0,,,0,,,0,,,0,,,0,,,0,,,0,,,0,,,0,,,0,,,0,,,0,,,0,,,0,,,0,13.49538,-0.08504269,False,False,0,0,False,True,33.52163,1,1,0
,,0,,,0,,,0,,,0,,,0,,,0,,,0,,,0,-1712184,RoadBlock,9.943536,-1712184,RoadBlock,9.818069,-1712184,RoadBlock,9.994727,,,0,,,0,,,0,,,0,,,0,,,0,,,0,,,0,,,0,,,0,,,0,,,0,,,0,,,0,,,0,,,0,,,0,,,0,,,0,,,0,,,0,,,0,,,0,,,0,,,0,13.49538,-0.08504269,False,False,0,0,False,True,33.91735,1,1,0
,,0,,,0,,,0,,,0,,,0,,,0,,,0,,,0,-1712184,RoadBlock,9.935432,-1712184,RoadBlock,9.810069,-1712184,RoadBlock,9.986583,,,0,,,0,,,0,,,0,,,0,,,0,,,0,,,0,,,0,,,0,,,0,,,0,,,0,,,0,,,0,,,0,,,0,,,0,,,0,,,0,,,0,,,0,,,0,,,0,,,0,13.49538,-0.08504269,False,False,0,0,False,True,34.40828,1,1,0
,,0,,,0,,,0,,,0,,,0,,,0,,,0,,,0,-1712184,RoadBlock,9.923277,-1712184,RoadBlock,9.798068,-1712184,RoadBlock,9.974363,,,0,,,0,,,0,,,0,,,0,,,0,,,0,,,0,,,0,,,0,,,0,,,0,,,0,,,0,,,0,,,0,,,0,,,0,,,0,,,0,,,0,,,0,,,0,,,0,,,0,13.49538,-0.08504269,False,False,0,0,False,True,34.43584,1,1,0
,,0,,,0,,,0,,,0,,,0,,,0,,,0,,,0,-1712184,RoadBlock,9.915173,-1712184,RoadBlock,9.790068,-1712184,RoadBlock,9.966219,,,0,,,0,,,0,,,0,,,0,,,0,,,0,,,0,,,0,,,0,,,0,,,0,,,0,,,0,,,0,,,0,,,0,,,0,,,0,,,0,,,0,,,0,,,0,,,0,,,0,13.49538,-0.08504269,False,False,0,0,False,True,34.49392,1,1,0
,,0,,,0,,,0,,,0,,,0,,,0,,,0,,,0,-1712184,RoadBlock,9.903019,-1712184,RoadBlock,9.778066,-1712184,RoadBlock,9.954,,,0,,,0,,,0,,,0,,,0,,,0,,,0,,,0,,,0,,,0,,,0,,,0,,,0,,,0,,,0,,,0,,,0,,,0,,,0,,,0,,,0,,,0,,,0,,,0,,,0,13.49538,-0.08504269,False,False,0,0,False,True,34.80657,1,1,0
,,0,,,0,,,0,,,0,,,0,,,0,,,0,,,0,-1712184,RoadBlock,9.894916,-1712184,RoadBlock,9.770065,-1712184,RoadBlock,9.945852,,,0,,,0,,,0,,,0,,,0,,,0,,,0,,,0,,,0,,,0,,,0,,,0,,,0,,,0,,,0,,,0,,,0,,,0,,,0,,,0,,,0,,,0,,,0,,,0,,,0,13.49538,-0.08504269,False,False,0,0,False,True,35.25342,1,1,0
,,0,,,0,,,0,,,0,,,0,,,0,,,0,,,0,-1712184,RoadBlock,9.88276,-1712184,RoadBlock,9.758064,-1712184,RoadBlock,9.933632,,,0,,,0,,,0,,,0,,,0,,,0,,,0,,,0,,,0,,,0,,,0,,,0,,,0,,,0,,,0,,,0,,,0,,,0,,,0,,,0,,,0,,,0,,,0,,,0,,,0,13.49538,-0.08504269,False,False,0,0,False,True,35.24469,1,1,0
,,0,,,0,,,0,,,0,,,0,,,0,,,0,,,0,-1712184,RoadBlock,9.874657,-1712184,RoadBlock,9.750063,-1712184,RoadBlock,9.925488,,,0,,,0,,,0,,,0,,,0,,,0,,,0,,,0,,,0,,,0,,,0,,,0,,,0,,,0,,,0,,,0,,,0,,,0,,,0,,,0,,,0,,,0,,,0,,,0,,,0,13.49538,-0.08504269,False,False,0,0,False,True,35.25645,1,1,0
,,0,,,0,,,0,,,0,,,0,,,0,,,0,,,0,-1712184,RoadBlock,9.862502,-1712184,RoadBlock,9.738061,-1712184,RoadBlock,9.913269,,,0,,,0,,,0,,,0,,,0,,,0,,,0,,,0,,,0,,,0,,,0,,,0,,,0,,,0,,,0,,,0,,,0,,,0,,,0,,,0,,,0,,,0,,,0,,,0,,,0,13.49538,-0.08504269,False,False,0,0,False,True,35.54985,1,1,0
,,0,,,0,,,0,,,0,,,0,,,0,,,0,,,0,-1712184,RoadBlock,9.854398,-1712184,RoadBlock,9.730061,-1712184,RoadBlock,9.905123,,,0,,,0,,,0,,,0,,,0,,,0,,,0,,,0,,,0,,,0,,,0,,,0,,,0,,,0,,,0,,,0,,,0,,,0,,,0,,,0,,,0,,,0,,,0,,,0,,,0,13.49538,-0.08504269,False,False,0,0,False,True,35.99875,1,1,0
,,0,,,0,,,0,,,0,,,0,,,0,,,0,,,0,-1712184,RoadBlock,9.842243,-1712184,RoadBlock,9.71806,-1712184,RoadBlock,9.892905,,,0,,,0,,,0,,,0,,,0,,,0,,,0,,,0,,,0,,,0,,,0,,,0,,,0,,,0,,,0,,,0,,,0,,,0,,,0,,,0,,,0,,,0,,,0,,,0,,,0,13.49538,-0.08504269,False,False,0,0,False,True,35.84819,1,1,0
,,0,,,0,,,0,,,0,,,0,,,0,,,0,,,0,-1712184,RoadBlock,9.834141,-1712184,RoadBlock,9.710058,-1712184,RoadBlock,9.884755,,,0,,,0,,,0,,,0,,,0,,,0,,,0,,,0,,,0,,,0,,,0,,,0,,,0,,,0,,,0,,,0,,,0,,,0,,,0,,,0,,,0,,,0,,,0,,,0,,,0,13.49538,-0.08504269,False,False,0,0,False,True,36.31229,1,1,0
,,0,,,0,,,0,,,0,,,0,,,0,,,0,,,0,-1712184,RoadBlock,9.821985,-1712184,RoadBlock,9.698058,-1712184,RoadBlock,9.872539,,,0,,,0,,,0,,,0,,,0,,,0,,,0,,,0,,,0,,,0,,,0,,,0,,,0,,,0,,,0,,,0,,,0,,,0,,,0,,,0,,,0,,,0,,,0,,,0,,,0,13.49538,-0.08504269,False,False,0,0,False,True,36.33998,1,1,0
,,0,,,0,,,0,,,0,,,0,,,0,,,0,,,0,-1712184,RoadBlock,9.813883,-1712184,RoadBlock,9.690057,-1712184,RoadBlock,9.864392,,,0,,,0,,,0,,,0,,,0,,,0,,,0,,,0,,,0,,,0,,,0,,,0,,,0,,,0,,,0,,,0,,,0,,,0,,,0,,,0,,,0,,,0,,,0,,,0,,,0,13.49538,-0.08504269,False,False,0,0,False,True,36.35226,1,1,0
,,0,,,0,,,0,,,0,,,0,,,0,,,0,,,0,-1712184,RoadBlock,9.801727,-1712184,RoadBlock,9.678057,-1712184,RoadBlock,9.852175,,,0,,,0,,,0,,,0,,,0,,,0,,,0,,,0,,,0,,,0,,,0,,,0,,,0,,,0,,,0,,,0,,,0,,,0,,,0,,,0,,,0,,,0,,,0,,,0,,,0,13.49538,-0.08504269,False,False,0,0,False,True,36.60679,1,1,0
,,0,,,0,,,0,,,0,,,0,,,0,,,0,,,0,-1712184,RoadBlock,9.793625,-1712184,RoadBlock,9.670055,-1712184,RoadBlock,9.844028,,,0,,,0,,,0,,,0,,,0,,,0,,,0,,,0,,,0,,,0,,,0,,,0,,,0,,,0,,,0,,,0,,,0,,,0,,,0,,,0,,,0,,,0,,,0,,,0,,,0,13.49538,-0.08504269,False,False,0,0,False,True,37.06728,1,1,0
,,0,,,0,,,0,,,0,,,0,,,0,,,0,,,0,-1712184,RoadBlock,9.781469,-1712184,RoadBlock,9.658054,-1712184,RoadBlock,9.831808,,,0,,,0,,,0,,,0,,,0,,,0,,,0,,,0,,,0,,,0,,,0,,,0,,,0,,,0,,,0,,,0,,,0,,,0,,,0,,,0,,,0,,,0,,,0,,,0,,,0,13.49538,-0.08504269,False,False,0,0,False,True,36.9008,1,1,0
,,0,,,0,,,0,,,0,,,0,,,0,,,0,,,0,-1712184,RoadBlock,9.774108,-1712184,RoadBlock,9.650387,-1712184,RoadBlock,9.823591,,,0,,,0,,,0,,,0,,,0,,,0,,,0,,,0,,,0,,,0,,,0,,,0,,,0,,,0,,,0,,,0,,,0,,,0,,,0,,,0,,,0,,,0,,,0,,,0,,,0,13.49511,-0.08367392,False,False,0,0,False,True,37.07504,1,1,-0.05137505
,,0,,,0,,,0,,,0,,,0,,,0,,,0,,,0,-1712184,RoadBlock,9.776437,-1712184,RoadBlock,9.645365,-1712184,RoadBlock,9.810992,,,0,,,0,,,0,,,0,,,0,,,0,,,0,,,0,,,0,,,0,,,0,,,0,,,0,,,0,,,0,,,0,,,0,,,0,,,0,,,0,,,0,,,0,,,0,,,0,,,0,13.48997,-0.05891721,False,False,0,0,False,True,37.3527,1,1,-0.2130577
,,0,,,0,,,0,,,0,,,0,,,0,,,0,,,0,-1712184,RoadBlock,9.79603,-1712184,RoadBlock,9.651593,-1712184,RoadBlock,9.803983,,,0,,,0,,,0,,,0,,,0,,,0,,,0,,,0,,,0,,,0,,,0,,,0,,,0,,,0,,,0,,,0,,,0,,,0,,,0,,,0,,,0,,,0,,,0,,,0,,,0,13.48334,-0.01480375,False,False,0,0,False,True,37.37344,1,1,-0.369977
,,0,,,0,,,0,,,0,,,0,,,0,,,0,,,0,-1712184,RoadBlock,9.857483,-1712184,RoadBlock,9.680953,-1712184,RoadBlock,9.802301,,,0,,,0,,,0,,,0,,,0,,,0,,,0,,,0,,,0,,,0,,,0,,,0,,,0,,,0,,,0,,,0,,,0,,,0,,,0,,,0,,,0,,,0,,,0,,,0,,,0,13.48876,0.09009293,False,False,0,0,False,True,37.6595,1,1,-0.212456
,,0,,,0,,,0,,,0,,,0,,,0,,,0,,,0,-1712184,RoadBlock,9.910099,-1712184,RoadBlock,9.710583,-1712184,RoadBlock,9.810214,,,0,,,0,,,0,,,0,,,0,,,0,,,0,,,0,,,0,,,0,,,0,,,0,,,0,,,0,,,0,,,0,,,0,,,0,,,0,,,0,,,0,,,0,,,0,,,0,,,0,13.49261,0.1636623,False,False,0,0,False,True,38.09639,1,1,-0.05004255
,,0,,,0,,,0,,,0,,,0,,,0,,,0,,,0,-1712184,RoadBlock,9.989994,-1712184,RoadBlock,9.761725,-1712184,RoadBlock,9.83491,,,0,,,0,,,0,,,0,,,0,,,0,,,0,,,0,,,0,,,0,,,0,,,0,,,0,,,0,,,0,,,0,,,0,,,0,,,0,,,0,,,0,,,0,,,0,-1712162,hole,9.484355,,,0,13.49321,0.2534205,False,False,0,0,False,True,38.10105,1,1,0
,,0,,,0,,,0,,,0,,,0,,,0,,,0,,,0,,,0,-1712184,RoadBlock,9.797892,-1712184,RoadBlock,9.857947,,,0,,,0,,,0,,,0,,,0,,,0,,,0,,,0,,,0,,,0,,,0,,,0,,,0,,,0,,,0,,,0,,,0,,,0,,,0,,,0,,,0,,,0,,,0,-1712162,hole,9.023157,,,0,13.49446,0.2979861,False,False,0,0,False,True,38.07418,1,1,0
,,0,,,0,,,0,,,0,,,0,,,0,,,0,,,0,,,0,-1712184,RoadBlock,9.85461,-1712184,RoadBlock,9.899764,,,0,,,0,,,0,,,0,,,0,,,0,,,0,,,0,,,0,,,0,,,0,,,0,,,0,,,0,,,0,,,0,,,0,,,0,,,0,,,0,,,0,,,0,,,0,,,0,,,0,13.49514,0.3485049,False,False,0,0,False,True,38.33704,1,1,0
,,0,,,0,,,0,,,0,,,0,,,0,,,0,,,0,,,0,-1712184,RoadBlock,9.893752,-1712184,RoadBlock,9.931376,,,0,,,0,,,0,,,0,,,0,,,0,,,0,,,0,,,0,,,0,,,0,,,0,,,0,,,0,,,0,,,0,,,0,,,0,,,0,,,0,,,0,,,0,,,0,,,0,,,0,13.49533,0.3739788,False,False,0,0,False,True,38.77913,1,1,0
,,0,,,0,,,0,,,0,,,0,,,0,,,0,,,0,,,0,-1712184,RoadBlock,9.954042,-1712184,RoadBlock,9.983007,,,0,,,0,,,0,,,0,,,0,,,0,,,0,,,0,,,0,,,0,,,0,,,0,,,0,,,0,,,0,,,0,,,0,,,0,,,0,,,0,,,0,,,0,,,0,,,0,,,0,13.49537,0.4032024,False,False,0,0,False,True,38.77113,1,1,0
,,0,,,0,,,0,,,0,,,0,,,0,,,0,,,0,,,0,-1712184,RoadBlock,9.99512,,,0,,,0,,,0,,,0,,,0,,,0,,,0,,,0,,,0,,,0,,,0,,,0,,,0,,,0,,,0,,,0,,,0,,,0,,,0,,,0,,,0,,,0,,,0,,,0,,,0,,,0,13.49538,0.4180909,False,False,0,0,False,True,38.80344,1,1,0
,,0,,,0,,,0,,,0,,,0,,,0,,,0,,,0,,,0,,,0,,,0,,,0,,,0,,,0,,,0,,,0,,,0,,,0,,,0,,,0,,,0,,,0,,,0,,,0,,,0,,,0,,,0,,,0,,,0,,,0,,,0,,,0,,,0,,,0,,,0,,,0,13.49505,0.4338973,False,False,0,0,False,True,39.14185,1,1,0.09945274
,,0,,,0,,,0,,,0,,,0,,,0,,,0,,,0,,,0,,,0,,,0,,,0,,,0,,,0,,,0,,,0,,,0,,,0,,,0,,,0,,,0,,,0,,,0,,,0,,,0,,,0,,,0,-1712174,RoadBlock,9.991838,-1712174,RoadBlock,10.01341,,,0,,,0,,,0,,,0,,,0,,,0,,,0,13.4921,0.4305533,False,False,0,0,False,True,39.37568,1,1,0.2172018
,,0,,,0,,,0,,,0,,,0,,,0,,,0,,,0,,,0,,,0,,,0,,,0,,,0,,,0,,,0,,,0,,,0,,,0,,,0,,,0,,,0,,,0,,,0,,,0,,,0,,,0,,,0,-1712174,RoadBlock,9.938351,-1712174,RoadBlock,9.96795,,,0,,,0,,,0,,,0,,,0,,,0,,,0,13.49462,0.4037257,False,False,0,0,False,True,39.79007,1,1,0.0503106
,,0,,,0,,,0,,,0,,,0,,,0,,,0,,,0,,,0,,,0,,,0,,,0,,,0,,,0,,,0,,,0,,,0,,,0,,,0,,,0,,,0,,,0,,,0,,,0,,,0,,,0,,,0,-1712174,RoadBlock,9.903869,-1712174,RoadBlock,9.938354,,,0,,,0,,,0,,,0,,,0,,,0,,,0,13.49481,0.3872376,False,False,0,0,False,True,40.07304,1,1,0
,,0,,,0,,,0,,,0,,,0,,,0,,,0,,,0,,,0,,,0,,,0,,,0,,,0,,,0,,,0,,,0,,,0,,,0,,,0,,,0,,,0,,,0,,,0,,,0,,,0,,,0,,,0,-1712174,RoadBlock,9.853241,-1712174,RoadBlock,9.893252,,,0,,,0,,,0,,,0,,,0,,,0,,,0,13.49518,0.3683084,False,False,0,0,False,True,40.57216,1,1,0
,,0,,,0,,,0,,,0,,,0,,,0,,,0,,,0,,,0,,,0,,,0,,,0,,,0,,,0,,,0,,,0,,,0,,,0,,,0,,,0,,,0,,,0,,,0,,,0,,,0,,,0,,,0,-1712174,RoadBlock,9.820168,-1712174,RoadBlock,9.862938,,,0,,,0,,,0,,,0,,,0,,,0,,,0,13.49527,0.3586874,False,False,0,0,False,True,40.8452,1,1,0
,,0,,,0,,,0,,,0,,,0,,,0,,,0,,,0,,,0,,,0,,,0,,,0,,,0,,,0,,,0,,,0,,,0,,,0,,,0,,,0,,,0,,,0,,,0,,,0,,,0,,,0,,,0,-1712174,RoadBlock,9.771408,-1712174,RoadBlock,9.817277,,,0,,,0,,,0,,,0,,,0,,,0,,,0,13.49534,0.3476102,False,False,0,0,False,True,41.36686,1,1,0
,,0,,,0,,,0,,,0,,,0,,,0,,,0,,,0,,,0,,,0,,,0,,,0,,,0,,,0,,,0,,,0,,,0,,,0,,,0,,,0,,,0,,,0,,,0,,,0,,,0,,,0,-1712174,RoadBlock,9.993704,-1712174,RoadBlock,9.739363,-1712174,RoadBlock,9.78677,,,0,,,0,,,0,,,0,,,0,,,0,,,0,13.49537,0.3419534,False,False,0,0,False,True,41.9737,1,1,0
,,0,,,0,,,0,,,0,,,0,,,0,,,0,,,0,,,0,,,0,,,0,,,0,,,0,,,0,,,0,,,0,,,0,,,0,,,0,,,0,,,0,,,0,,,0,,,0,,,0,,,0,-1712174,RoadBlock,9.942915,-1712174,RoadBlock,9.691854,-1712174,RoadBlock,9.740972,,,0,,,0,,,0,,,0,,,0,,,0,,,0,13.49537,0.3354101,False,False,0,0,False,True,42.18866,1,1,0
,,0,,,0,,,0,,,0,,,0,,,0,,,0,,,0,,,0,,,0,,,0,,,0,,,0,,,0,,,0,,,0,,,0,,,0,,,0,,,0,,,0,,,0,,,0,,,0,,,0,,,0,-1712174,RoadBlock,9.909704,-1712174,RoadBlock,9.660496,-1712174,RoadBlock,9.71045,,,0,,,0,,,0,,,0,,,0,,,0,,,0,13.49538,0.3320428,False,False,0,0,False,True,42.3936,1,1,0
,,0,,,0,,,0,,,0,,,0,,,0,,,0,,,0,,,0,,,0,,,0,,,0,,,0,,,0,,,0,,,0,,,0,,,0,,,0,,,0,,,0,,,0,,,0,,,0,,,0,,,0,-1712174,RoadBlock,9.860647,-1712174,RoadBlock,9.613851,-1712174,RoadBlock,9.664715,,,0,,,0,,,0,,,0,,,0,,,0,,,0,13.49538,0.3281401,False,False,0,0,False,True,42.84657,1,1,0
,,0,,,0,,,0,,,0,,,0,,,0,,,0,,,0,,,0,,,0,,,0,,,0,,,0,,,0,,,0,,,0,,,0,,,0,,,0,,,0,,,0,,,0,,,0,,,0,,,0,,,0,-1712174,RoadBlock,9.828359,-1712174,RoadBlock,9.582976,-1712174,RoadBlock,9.634268,-1712174,RoadBlock,9.990317,,,0,,,0,,,0,,,0,,,0,,,0,13.49538,0.3261292,False,False,0,0,False,True,43.40766,1,1,0
,,0,,,0,,,0,,,0,,,0,,,0,,,0,,,0,,,0,,,0,,,0,,,0,,,0,,,0,,,0,,,0,,,0,,,0,,,0,,,0,,,0,,,0,,,0,,,0,,,0,,,0,-1712174,RoadBlock,9.780424,-1712174,RoadBlock,9.536942,-1712174,RoadBlock,9.588668,,,0,,,0,,,0,,,0,,,0,,,0,,,0,13.49538,0.323792,False,False,0,0,False,True,43.4503,1,1,0
,,0,,,0,,,0,,,0,,,0,,,0,,,0,,,0,,,0,,,0,,,0,,,0,,,0,,,0,,,0,,,0,,,0,,,0,,,0,,,0,,,0,,,0,,,0,,,0,,,0,,,0,-1712174,RoadBlock,9.74874,-1712174,RoadBlock,9.506407,-1712174,RoadBlock,9.558318,,,0,,,0,,,0,,,0,,,0,,,0,,,0,13.49538,0.3225926,False,False,0,0,False,True,43.98611,1,1,0
,,0,,,0,,,0,,,0,,,0,,,0,,,0,,,0,,,0,,,0,,,0,,,0,,,0,,,0,,,0,,,0,,,0,,,0,,,0,,,0,,,0,,,0,,,0,,,0,,,0,,,0,-1712174,RoadBlock,9.70153,-1712174,RoadBlock,9.460791,-1712174,RoadBlock,9.512859,,,0,,,0,,,0,,,0,,,0,,,0,,,0,13.49538,0.2413065,False,False,0,0,False,True,44.10641,1,1,0
,,0,,,0,,,0,,,0,,,0,,,0,,,0,,,0,,,0,,,0,,,0,,,0,,,0,,,0,,,0,,,0,,,0,,,0,,,0,,,0,,,0,,,0,,,0,,,0,,,0,,,0,-1712174,RoadBlock,9.671,-1712174,RoadBlock,9.430901,,,0,,,0,,,0,,,0,,,0,,,0,,,0,,,0,13.54541,0.242051,False,False,0,0,False,True,44.56116,1,1,0
,,0,,,0,,,0,,,0,,,0,,,0,,,0,,,0,,,0,,,0,,,0,,,0,,,0,,,0,,,0,,,0,,,0,,,0,,,0,,,0,,,0,,,0,,,0,,,0,,,0,,,0,-1712174,RoadBlock,9.625438,-1712174,RoadBlock,9.386141,,,0,,,0,,,0,,,0,,,0,,,0,,,0,,,0,13.50033,0.2429471,False,False,0,0,False,True,44.50935,1,1,0
,,0,,,0,,,0,,,0,,,0,,,0,,,0,,,0,,,0,,,0,,,0,,,0,,,0,,,0,,,0,,,0,,,0,,,0,,,0,,,0,,,0,,,0,,,0,,,0,,,0,,,0,-1712174,RoadBlock,9.594828,,,0,,,0,,,0,,,0,,,0,,,0,,,0,,,0,,,0,13.49703,0.2433897,False,False,0,0,False,True,44.73283,1,1,0
,,0,,,0,,,0,,,0,,,0,,,0,,,0,,,0,,,0,,,0,,,0,,,0,,,0,,,0,,,0,,,0,,,0,,,0,,,0,,,0,,,0,,,0,,,0,,,0,,,0,,,0,-1712174,RoadBlock,9.548616,,,0,,,0,,,0,,,0,,,0,,,0,,,0,-1712210,RoadBlock,9.467896,,,0,13.49186,0.2423747,False,False,0,0,False,True,45.06192,1,1,-0.04916295
,,0,,,0,,,0,,,0,,,0,,,0,,,0,,,0,,,0,,,0,,,0,,,0,,,0,,,0,,,0,,,0,,,0,,,0,,,0,,,0,,,0,,,0,,,0,,,0,,,0,,,0,-1712174,RoadBlock,9.518744,,,0,,,0,,,0,,,0,,,0,,,0,,,0,-1712210,RoadBlock,9.025299,,,0,13.43739,0.2297717,False,False,0,0,False,True,45.10645,1,1,-0.2072211
,,0,,,0,,,0,,,0,,,0,,,0,,,0,,,0,,,0,,,0,,,0,,,0,,,0,,,0,,,0,,,0,,,0,,,0,,,0,,,0,,,0,,,0,,,0,,,0,,,0,,,0,,,0,,,0,,,0,,,0,,,0,,,0,,,0,,,0,,,0,,,0,13.54517,0.1720456,False,False,0,0,False,True,45.40501,1,1,-0.3705809
,,0,,,0,,,0,,,0,,,0,,,0,,,0,,,0,,,0,,,0,,,0,,,0,,,0,,,0,,,0,,,0,,,0,,,0,,,0,,,0,,,0,,,0,,,0,,,0,,,0,,,0,,,0,,,0,,,0,,,0,,,0,,,0,,,0,,,0,,,0,,,0,13.48238,0.106092,False,False,0,0,False,True,45.86908,1,1,-0.2108445
,,0,,,0,,,0,,,0,,,0,,,0,,,0,,,0,,,0,,,0,,,0,,,0,,,0,,,0,,,0,,,0,,,0,,,0,,,0,,,0,,,0,,,0,,,0,,,0,,,0,,,0,,,0,,,0,,,0,,,0,,,0,,,0,,,0,,,0,,,0,,,0,13.48936,0.001979389,False,False,0,0,False,True,45.76528,1,1,-0.05531897
,,0,,,0,,,0,,,0,,,0,,,0,,,0,,,0,,,0,,,0,,,0,,,0,,,0,,,0,,,0,,,0,,,0,,,0,,,0,,,0,,,0,,,0,,,0,,,0,,,0,,,0,,,0,,,0,,,0,,,0,,,0,,,0,,,0,,,0,,,0,,,0,13.49096,0.05845139,False,False,0,0,False,True,45.96441,1,1,0
,,0,,,0,,,0,,,0,,,0,,,0,,,0,,,0,,,0,,,0,,,0,,,0,,,0,,,0,,,0,,,0,,,0,,,0,,,0,,,0,,,0,,,0,,,0,,,0,,,0,,,0,,,0,,,0,,,0,,,0,,,0,,,0,,,0,,,0,,,0,,,0,13.4942,0.1230363,False,False,0,0,False,True,46.28761,1,1,0
,,0,,,0,,,0,,,0,,,0,,,0,,,0,,,0,,,0,,,0,,,0,,,0,,,0,,,0,,,0,,,0,,,0,,,0,,,0,,,0,,,0,,,0,,,0,,,0,,,0,,,0,,,0,,,0,,,0,,,0,,,0,,,0,,,0,,,0,,,0,,,0,13.49548,0.1554073,False,False,0,0,False,True,46.33661,1,1,0
,,0,,,0,,,0,,,0,,,0,,,0,,,0,,,0,,,0,,,0,,,0,,,0,,,0,,,0,,,0,,,0,,,0,,,0,,,0,,,0,,,0,,,0,,,0,,,0,,,0,,,0,,,0,,,0,,,0,,,0,,,0,,,0,,,0,,,0,,,0,,,0,13.49584,0.1923668,False,False,0,0,False,True,46.66687,1,1,0
,,0,,,0,,,0,,,0,,,0,,,0,,,0,,,0,,,0,,,0,,,0,,,0,,,0,,,0,,,0,,,0,,,0,,,0,,,0,,,0,,,0,,,0,,,0,,,0,,,0,,,0,,,0,,,0,,,0,,,0,,,0,,,0,,,0,,,0,,,0,,,0,13.49551,0.2111007,False,False,0,0,False,True,47.13946,1,1,0
,,0,,,0,,,0,,,0,,,0,,,0,,,0,,,0,,,0,,,0,,,0,,,0,,,0,,,0,,,0,,,0,,,0,,,0,,,0,,,0,,,0,,,0,,,0,,,0,,,0,,,0,,,0,-1712512,RoadBlock,10.00438,,,0,,,0,,,0,,,0,,,0,,,0,,,0,,,0,13.49438,0.237875,False,False,0,0,False,True,47.03218,1,1,-0.1590209
,,0,,,0,,,0,,,0,,,0,,,0,,,0,,,0,,,0,,,0,,,0,,,0,,,0,,,0,,,0,,,0,,,0,,,0,,,0,,,0,,,0,,,0,,,0,,,0,,,0,,,0,,,0,-1712512,RoadBlock,9.977942,-1712532,RoadBlock,9.994903,,,0,,,0,,,0,,,0,,,0,,,0,,,0,13.48742,0.269145,False,False,0,0,False,True,47.51027,1,1,-0.315182
,,0,,,0,,,0,,,0,,,0,,,0,,,0,,,0,,,0,,,0,,,0,,,0,,,0,,,0,,,0,,,0,,,0,,,0,,,0,,,0,,,0,,,0,,,0,,,0,,,0,,,0,,,0,-1712512,RoadBlock,9.925202,,,0,,,0,,,0,,,0,,,0,,,0,,,0,,,0,13.47978,0.7670767,False,False,0,0,False,True,47.56553,1,1,-0.4228289
,,0,,,0,,,0,,,0,,,0,,,0,,,0,,,0,,,0,,,0,,,0,,,0,,,0,,,0,,,0,,,0,,,0,,,0,,,0,,,0,,,0,,,0,,,0,,,0,,,0,,,0,,,0,-1712512,RoadBlock,9.880208,,,0,,,0,,,0,,,0,,,0,,,0,,,0,,,0,13.48481,0.6789932,False,False,0,0,False,True,47.61439,1,1,-0.264005
,,0,,,0,,,0,,,0,,,0,,,0,,,0,,,0,,,0,,,0,,,0,,,0,,,0,,,0,,,0,,,0,,,0,,,0,,,0,,,0,,,0,,,0,,,0,,,0,,,0,,,0,,,0,-1712532,RoadBlock,9.71415,,,0,,,0,,,0,,,0,,,0,,,0,,,0,,,0,13.49169,0.5446256,False,False,0,0,False,True,47.93567,1,1,-0.1063702
,,0,,,0,,,0,,,0,,,0,,,0,,,0,,,0,,,0,,,0,,,0,,,0,,,0,,,0,,,0,,,0,,,0,,,0,,,0,,,0,,,0,,,0,,,0,,,0,,,0,,,0,,,0,-1712532,RoadBlock,9.795111,,,0,,,0,,,0,,,0,,,0,,,0,,,0,,,0,13.49338,0.470182,False,False,0,0,False,True,48.38617,1,1,-0.04969902
,,0,,,0,,,0,,,0,,,0,,,0,,,0,,,0,,,0,,,0,,,0,,,0,,,0,,,0,,,0,,,0,,,0,,,0,,,0,,,0,,,0,,,0,,,0,,,0,,,0,,,0,,,0,-1712532,RoadBlock,9.915727,,,0,,,0,,,0,,,0,,,0,,,0,,,0,,,0,13.49327,0.3732398,False,False,0,0,False,True,48.42341,1,1,-0.1631103
,,0,,,0,,,0,,,0,,,0,,,0,,,0,,,0,,,0,,,0,,,0,,,0,,,0,,,0,,,0,,,0,,,0,,,0,,,0,,,0,,,0,,,0,,,0,,,0,,,0,,,0,-1712512,RoadBlock,9.983396,-1712532,RoadBlock,9.984849,,,0,,,0,,,0,,,0,,,0,,,0,,,0,,,0,13.48881,0.3010064,False,False,0,0,False,True,48.48215,1,1,-0.3195635
,,0,,,0,,,0,,,0,,,0,,,0,,,0,,,0,,,0,,,0,,,0,,,0,,,0,,,0,,,0,,,0,,,0,,,0,,,0,,,0,,,0,,,0,,,0,,,0,,,0,,,0,-1712532,RoadBlock,9.932979,,,0,,,0,,,0,,,0,,,0,,,0,,,0,,,0,,,0,13.49208,0.1767243,False,False,0,0,False,True,48.78852,1,1,-0.1568033
,,0,,,0,,,0,,,0,,,0,,,0,,,0,,,0,,,0,,,0,,,0,,,0,,,0,,,0,,,0,,,0,,,0,,,0,,,0,,,0,,,0,,,0,,,0,,,0,,,0,,,0,-1712532,RoadBlock,10.00803,,,0,,,0,,,0,,,0,,,0,,,0,,,0,,,0,,,0,13.49361,0.1000158,False,False,0,0,False,True,48.85176,1,1,-0.00150973
,,0,,,0,,,0,,,0,,,0,,,0,,,0,,,0,,,0,,,0,,,0,,,0,,,0,,,0,,,0,,,0,,,0,,,0,,,0,,,0,,,0,,,0,,,0,,,0,,,0,,,0,,,0,,,0,,,0,,,0,,,0,,,0,,,0,,,0,,,0,,,0,13.49456,0.01235445,False,False,0,0,False,True,49.17541,1,1,0
,,0,,,0,,,0,,,0,,,0,,,0,,,0,,,0,,,0,,,0,,,0,,,0,,,0,,,0,,,0,,,0,,,0,,,0,,,0,,,0,,,0,,,0,,,0,,,0,,,0,,,0,,,0,,,0,,,0,,,0,,,0,,,0,,,0,,,0,,,0,,,0,13.49517,0.03159099,False,False,0,0,False,True,49.6567,1,1,0
,,0,,,0,,,0,,,0,,,0,,,0,,,0,,,0,,,0,,,0,,,0,,,0,,,0,,,0,,,0,,,0,,,0,,,0,,,0,,,0,,,0,,,0,,,0,,,0,,,0,,,0,,,0,,,0,,,0,,,0,,,0,,,0,,,0,,,0,,,0,,,0,13.49476,0.086615,False,False,0,0,False,True,49.69941,1,1,-0.11435
,,0,,,0,,,0,,,0,,,0,,,0,,,0,,,0,,,0,,,0,,,0,,,0,,,0,,,0,,,0,,,0,,,0,,,0,,,0,,,0,,,0,,,0,,,0,,,0,,,0,,,0,,,0,,,0,,,0,,,0,,,0,,,0,,,0,,,0,,,0,,,0,13.49109,0.1317598,False,False,0,0,False,True,49.77113,1,1,-0.2727527
,,0,,,0,,,0,,,0,,,0,,,0,,,0,,,0,,,0,,,0,,,0,,,0,,,0,,,0,,,0,,,0,,,0,,,0,,,0,,,0,,,0,,,0,,,0,,,0,,,0,,,0,,,0,,,0,,,0,,,0,,,0,,,0,,,0,,,0,,,0,,,0,13.49389,0.2177095,False,False,0,0,False,True,50.14317,1,1,-0.114409
,,0,,,0,,,0,,,0,,,0,,,0,,,0,,,0,,,0,,,0,,,0,,,0,,,0,,,0,,,0,,,0,,,0,,,0,,,0,,,0,,,0,,,0,,,0,,,0,,,0,,,0,,,0,,,0,,,0,,,0,,,0,,,0,,,0,,,0,,,0,,,0,13.49455,0.26969,False,False,0,0,False,True,50.28273,1,1,0
,,0,,,0,,,0,,,0,,,0,,,0,,,0,,,0,,,0,,,0,,,0,,,0,,,0,,,0,,,0,,,0,,,0,,,0,,,0,,,0,,,0,,,0,,,0,,,0,,,0,,,0,,,0,,,0,,,0,,,0,,,0,,,0,,,0,,,0,,,0,,,0,13.49507,0.7962744,False,False,0,0,False,True,50.74269,1,1,0
,,0,,,0,,,0,,,0,,,0,,,0,,,0,,,0,,,0,,,0,,,0,,,0,,,0,,,0,,,0,,,0,,,0,,,0,,,0,,,0,,,0,,,0,,,0,,,0,,,0,,,0,,,0,,,0,,,0,,,0,,,0,,,0,,,0,,,0,,,0,,,0,13.49322,0.7612915,False,False,0,0,False,True,51.3134,1,1,-0.1607855
,,0,,,0,,,0,,,0,,,0,,,0,,,0,,,0,,,0,,,0,,,0,,,0,,,0,,,0,,,0,,,0,,,0,,,0,,,0,,,0,,,0,,,0,,,0,,,0,,,0,,,0,,,0,,,0,,,0,,,0,,,0,,,0,,,0,,,0,,,0,,,0,13.4881,0.6890936,False,False,0,0,False,True,51.54794,1,1,-0.2722823
,,0,,,0,,,0,,,0,,,0,,,0,,,0,,,0,,,0,,,0,,,0,,,0,,,0,,,0,,,0,,,0,,,0,,,0,,,0,,,0,,,0,,,0,,,0,,,0,,,0,,,0,,,0,,,0,,,0,,,0,,,0,,,0,,,0,,,0,,,0,,,0,13.48041,0.6147758,False,False,0,0,False,True,51.82209,1,1,-0.431022
,,0,,,0,,,0,,,0,,,0,,,0,,,0,,,0,,,0,,,0,,,0,,,0,,,0,,,0,,,0,,,0,,,0,,,0,,,0,,,0,,,0,,,0,,,0,,,0,,,0,,,0,,,0,,,0,,,0,,,0,,,0,,,0,,,0,,,0,,,0,,,0,13.4859,0.4655102,False,False,0,0,False,True,52.36736,1,1,-0.2691884
,,0,,,0,,,0,,,0,,,0,,,0,,,0,,,0,,,0,,,0,,,0,,,0,,,0,,,0,,,0,,,0,,,0,,,0,,,0,,,0,,,0,,,0,,,0,,,0,,,0,,,0,,,0,,,0,,,0,,,0,,,0,,,0,,,0,,,0,,,0,,,0,13.49134,0.3624454,False,False,0,0,False,True,52.97226,1,1,-0.1079488
,,0,,,0,,,0,,,0,,,0,,,0,,,0,,,0,,,0,,,0,,,0,,,0,,,0,,,0,,,0,,,0,,,0,,,0,,,0,,,0,,,0,,,0,,,0,,,0,,,0,,,0,,,0,,,0,,,0,,,0,,,0,,,0,,,0,,,0,,,0,,,0,13.49215,0.2306049,False,False,0,0,False,True,53.13523,1,1,0
,,0,,,0,,,0,,,0,,,0,,,0,,,0,,,0,,,0,,,0,,,0,,,0,,,0,,,0,,,0,,,0,,,0,,,0,,,0,,,0,,,0,,,0,,,0,,,0,,,0,,,0,,,0,,,0,,,0,,,0,,,0,,,0,,,0,,,0,,,0,,,0,13.49437,0.1649013,False,False,0,0,False,True,53.71289,1,1,0
,,0,,,0,,,0,,,0,,,0,,,0,,,0,,,0,,,0,,,0,,,0,,,0,,,0,,,0,,,0,,,0,,,0,,,0,,,0,,,0,,,0,,,0,,,0,,,0,,,0,,,0,,,0,,,0,,,0,,,0,,,0,,,0,,,0,,,0,,,0,,,0,13.495,0.09099998,False,False,0,0,False,True,53.92222,1,1,0
,,0,,,0,,,0,,,0,,,0,,,0,,,0,,,0,,,0,,,0,,,0,,,0,,,0,,,0,,,0,,,0,,,0,,,0,,,0,,,0,,,0,,,0,,,0,,,0,,,0,,,0,,,0,,,0,,,0,,,0,,,0,,,0,,,0,,,0,,,0,,,0,13.49484,0.04865827,False,False,0,0,False,True,54.10312,1,1,-0.1603556
,,0,,,0,,,0,,,0,,,0,,,0,,,0,,,0,,,0,,,0,,,0,,,0,,,0,,,0,,,0,,,0,,,0,,,0,,,0,,,0,,,0,,,0,,,0,,,0,,,0,,,0,,,0,,,0,,,0,,,0,,,0,,,0,,,0,,,0,,,0,,,0,13.48839,0.03165246,False,False,0,0,False,True,54.50917,1,1,-0.3249253
,,0,,,0,,,0,,,0,,,0,,,0,,,0,,,0,,,0,,,0,,,0,,,0,,,0,,,0,,,0,,,0,,,0,,,0,,,0,,,0,,,0,,,0,,,0,,,0,,,0,,,0,,,0,,,0,,,0,,,0,,,0,,,0,,,0,,,0,,,0,,,0,13.47738,0.1099852,False,False,0,0,False,True,55.01973,1,1,-0.3845733
,,0,,,0,,,0,,,0,,,0,,,0,,,0,,,0,,,0,,,0,,,0,,,0,,,0,,,0,,,0,,,0,,,0,,,0,,,0,,,0,,,0,,,0,,,0,,,0,,,0,,,0,,,0,,,0,,,0,,,0,,,0,,,0,,,0,,,0,,,0,,,0,13.48594,0.2653733,False,False,0,0,False,True,55.13099,1,1,-0.2752274
,,0,,,0,,,0,,,0,,,0,,,0,,,0,,,0,,,0,,,0,,,0,,,0,,,0,,,0,,,0,,,0,,,0,,,0,,,0,,,0,,,0,,,0,,,0,,,0,,,0,,,0,,,0,,,0,,,0,,,0,,,0,,,0,,,0,,,0,,,0,,,0,13.49118,0.3686745,False,False,0,0,False,True,55.22554,1,1,-0.1172524
,,0,,,0,,,0,,,0,,,0,,,0,,,0,,,0,,,0,,,0,,,0,,,0,,,0,,,0,,,0,,,0,,,0,,,0,,,0,,,0,,,0,,,0,,,0,,,0,,,0,,,0,,,0,,,0,,,0,,,0,,,0,,,0,,,0,,,0,,,0,,,0,13.49265,0.4931383,False,False,0,0,False,True,55.55542,1,1,0
,,0,,,0,,,0,,,0,,,0,,,0,,,0,,,0,,,0,,,0,,,0,,,0,,,0,,,0,,,0,,,0,,,0,,,0,,,0,,,0,,,0,,,0,,,0,,,0,,,0,,,0,,,0,,,0,,,0,,,0,,,0,,,0,,,0,,,0,,,0,,,0,13.49428,0.5703003,False,False,0,0,False,True,55.60585,1,1,-0.0476554
,,0,,,0,,,0,,,0,,,0,,,0,,,0,,,0,,,0,,,0,,,0,,,0,,,0,,,0,,,0,,,0,,,0,,,0,,,0,,,0,,,0,,,0,,,0,,,0,,,0,,,0,,,0,,,0,,,0,,,0,,,0,,,0,,,0,,,0,,,0,,,0,13.49362,0.4877534,False,False,0,0,False,True,55.882,1,1,-0.2081357
,,0,,,0,,,0,,,0,,,0,,,0,,,0,,,0,,,0,,,0,,,0,,,0,,,0,,,0,,,0,,,0,,,0,,,0,,,0,,,0,,,0,,,0,,,0,,,0,,,0,,,0,,,0,,,0,,,0,,,0,,,0,,,0,,,0,,,0,,,0,,,0,13.48528,0.4224718,False,False,0,0,False,True,56.30689,1,1,-0.3635419
,,0,,,0,,,0,,,0,,,0,,,0,,,0,,,0,,,0,,,0,,,0,,,0,,,0,,,0,,,0,,,0,,,0,,,0,,,0,,,0,,,0,,,0,,,0,,,0,,,0,,,0,,,0,,,0,,,0,,,0,,,0,,,0,,,0,,,0,,,0,,,0,13.48759,0.2934058,False,False,0,0,False,True,56.29023,1,1,-0.2537256
,,0,,,0,,,0,,,0,,,0,,,0,,,0,,,0,,,0,,,0,,,0,,,0,,,0,,,0,,,0,,,0,,,0,,,0,,,0,,,0,,,0,,,0,,,0,,,0,,,0,,,0,,,0,,,0,,,0,,,0,,,0,,,0,,,0,,,0,,,0,,,0,13.4929,0.2058332,False,False,0,0,False,True,56.27564,1,1,-0.09607875
,,0,,,0,,,0,,,0,,,0,,,0,,,0,,,0,,,0,,,0,,,0,,,0,,,0,,,0,,,0,,,0,,,0,,,0,,,0,,,0,,,0,,,0,,,0,,,0,,,0,,,0,,,0,,,0,,,0,,,0,,,0,,,0,,,0,,,0,,,0,,,0,13.49376,0.1016646,False,False,0,0,False,True,56.50623,1,1,0
,,0,,,0,,,0,,,0,,,0,,,0,,,0,,,0,,,0,,,0,,,0,,,0,,,0,,,0,,,0,,,0,,,0,,,0,,,0,,,0,,,0,,,0,,,0,,,0,,,0,,,0,,,0,,,0,,,0,,,0,,,0,,,0,,,0,,,0,,,0,,,0,13.49502,0.04996829,False,False,0,0,False,True,56.85073,1,1,0
,,0,,,0,,,0,,,0,,,0,,,0,,,0,,,0,,,0,,,0,,,0,,,0,,,0,,,0,,,0,,,0,,,0,,,0,,,0,,,0,,,0,,,0,,,0,,,0,,,0,,,0,,,0,,,0,,,0,,,0,,,0,,,0,,,0,,,0,,,0,,,0,13.49526,0.008392937,False,False,0,0,False,True,56.67598,1,1,0
,,0,,,0,,,0,,,0,,,0,,,0,,,0,,,0,,,0,,,0,,,0,,,0,,,0,,,0,,,0,,,0,,,0,,,0,,,0,,,0,,,0,,,0,,,0,,,0,,,0,,,0,,,0,,,0,,,0,,,0,,,0,,,0,,,0,,,0,,,0,,,0,13.49535,0.03805235,False,False,0,0,False,True,56.82535,1,1,0
,,0,,,0,,,0,,,0,,,0,,,0,,,0,,,0,,,0,,,0,,,0,,,0,,,0,,,0,,,0,,,0,,,0,,,0,,,0,,,0,,,0,,,0,,,0,,,0,,,0,,,0,,,0,,,0,,,0,,,0,,,0,,,0,,,0,,,0,,,0,,,0,13.49537,0.07187408,False,False,0,0,False,True,57.06607,1,1,0
,,0,,,0,,,0,,,0,,,0,,,0,,,0,,,0,,,0,,,0,,,0,,,0,,,0,,,0,,,0,,,0,,,0,,,0,,,0,,,0,,,0,,,0,,,0,,,0,,,0,,,0,,,0,,,0,,,0,,,0,,,0,,,0,,,0,,,0,,,0,,,0,13.49538,0.08910938,False,False,0,0,False,True,57.04458,1,1,0
,,0,,,0,,,0,,,0,,,0,,,0,,,0,,,0,,,0,,,0,,,0,,,0,,,0,,,0,,,0,,,0,,,0,,,0,,,0,,,0,,,0,,,0,,,0,,,0,,,0,,,0,,,0,,,0,,,0,,,0,,,0,,,0,,,0,,,0,,,0,,,0,13.49537,0.1089483,False,False,0,0,False,True,57.26918,1,1,0
,,0,,,0,,,0,,,0,,,0,,,0,,,0,,,0,,,0,,,0,,,0,,,0,,,0,,,0,,,0,,,0,,,0,,,0,,,0,,,0,,,0,,,0,,,0,,,0,,,0,,,0,,,0,,,0,,,0,,,0,,,0,,,0,,,0,,,0,,,0,,,0,13.49537,0.1191076,False,False,0,0,False,True,57.39928,1,1,0
,,0,,,0,,,0,,,0,,,0,,,0,,,0,,,0,,,0,,,0,,,0,,,0,,,0,,,0,,,0,,,0,,,0,,,0,,,0,,,0,,,0,,,0,,,0,,,0,,,0,,,0,,,0,,,0,,,0,,,0,,,0,,,0,,,0,,,0,,,0,,,0,13.49536,0.1308965,False,False,0,0,False,True,57.67045,1,1,0
,,0,,,0,,,0,,,0,,,0,,,0,,,0,,,0,,,0,,,0,,,0,,,0,,,0,,,0,,,0,,,0,,,0,,,0,,,0,,,0,,,0,,,0,,,0,,,0,,,0,,,0,,,0,,,0,,,0,,,0,,,0,,,0,,,0,,,0,,,0,,,0,13.49419,0.1422441,False,False,0,0,False,True,57.72393,1,1,-0.1612461
,,0,,,0,,,0,,,0,,,0,,,0,,,0,,,0,,,0,,,0,,,0,,,0,,,0,,,0,,,0,,,0,,,0,,,0,,,0,,,0,,,0,,,0,,,0,,,0,,,0,,,0,,,0,,,0,,,0,,,0,,,0,,,0,,,0,,,0,,,0,,,0,13.48721,0.9363971,False,False,0,0,False,True,58.08336,1,1,-0.3159161
,,0,,,0,,,0,,,0,,,0,,,0,,,0,,,0,,,0,,,0,,,0,,,0,,,0,,,0,,,0,,,0,,,0,,,0,,,0,,,0,,,0,,,0,,,0,,,0,,,0,,,0,,,0,,,0,,,0,,,0,,,0,,,0,,,0,,,0,,,0,,,0,13.47485,0.8745825,False,False,0,0,False,True,58.58495,1,1,-0.4702513
,,0,,,0,,,0,,,0,,,0,,,0,,,0,,,0,,,0,,,0,,,0,,,0,,,0,,,0,,,0,,,0,,,0,,,0,,,0,,,0,,,0,,,0,,,0,,,0,,,0,,,0,,,0,,,0,,,0,,,0,,,0,,,0,,,0,,,0,,,0,,,0,13.46379,0.7224373,False,False,0,0,False,True,58.6374,1,1,-0.6278697
,,0,,,0,,,0,,,0,,,0,,,0,,,0,,,0,,,0,,,0,,,0,,,0,,,0,,,0,,,0,,,0,,,0,,,0,,,0,,,0,,,0,,,0,,,0,,,0,,,0,,,0,,,0,,,0,,,0,,,0,,,0,,,0,,,0,,,0,,,0,,,0,13.45804,0.5780526,False,False,0,0,False,True,58.91713,1,1,-0.5186933
,,0,,,0,,,0,,,0,,,0,,,0,,,0,,,0,,,0,,,0,,,0,,,0,,,0,,,0,,,0,,,0,,,0,,,0,,,0,,,0,,,0,,,0,,,0,,,0,,,0,,,0,,,0,,,0,,,0,,,0,,,0,,,0,,,0,,,0,,,0,,,0,13.47465,0.331801,False,False,0,0,False,True,59.37064,1,1,-0.3616646
,,0,,,0,,,0,,,0,,,0,,,0,,,0,,,0,,,0,,,0,,,0,,,0,,,0,,,0,,,0,,,0,,,0,,,0,,,0,,,0,,,0,,,0,,,0,,,0,,,0,,,0,,,0,,,0,,,0,,,0,,,0,,,0,,,0,,,0,,,0,,,0,13.48251,0.1703763,False,False,0,0,False,True,59.5792,1,1,-0.203997
,,0,,,0,,,0,,,0,,,0,,,0,,,0,,,0,,,0,,,0,,,0,,,0,,,0,,,0,,,0,,,0,,,0,,,0,,,0,,,0,,,0,,,0,,,0,,,0,,,0,,,0,,,0,,,0,,,0,,,0,,,0,,,0,,,0,,,0,,,0,,,0,13.48836,0.03134101,False,False,0,0,False,True,59.97721,1,1,-0.03552164
,,0,,,0,,,0,,,0,,,0,,,0,,,0,,,0,,,0,,,0,,,0,,,0,,,0,,,0,,,0,,,0,,,0,,,0,,,0,,,0,,,0,,,0,,,0,,,0,,,0,,,0,,,0,,,0,,,0,,,0,,,0,,,0,,,0,,,0,,,0,,,0,13.49337,0.1321163,False,False,0,0,False,True,60.46847,1,1,-0.04969902
,,0,,,0,,,0,,,0,,,0,,,0,,,0,,,0,,,0,,,0,,,0,,,0,,,0,,,0,,,0,,,0,,,0,,,0,,,0,,,0,,,0,,,0,,,0,,,0,,,0,,,0,,,0,,,0,,,0,,,0,,,0,,,0,,,0,,,0,,,0,,,0,13.49375,0.2580281,False,False,0,0,False,True,60.55747,1,1,-0.1853429
,,0,,,0,,,0,,,0,,,0,,,0,,,0,,,0,,,0,,,0,,,0,,,0,,,0,,,0,,,0,,,0,,,0,,,0,,,0,,,0,,,0,,,0,,,0,,,0,,,0,,,0,,,0,,,0,,,0,,,0,,,0,,,0,,,0,,,0,,,0,,,0,13.48944,0.3444642,False,False,0,0,False,True,61.0164,1,1,-0.2432143
,,0,,,0,,,0,,,0,,,0,,,0,,,0,,,0,,,0,,,0,,,0,,,0,,,0,,,0,,,0,,,0,,,0,,,0,,,0,,,0,,,0,,,0,,,0,,,0,,,0,,,0,,,0,,,0,,,0,,,0,,,0,,,0,,,0,,,0,,,0,,,0,13.49341,0.4809341,False,False,0,0,False,True,61.09499,1,1,-0.1257267
,,0,,,0,,,0,,,0,,,0,,,0,,,0,,,0,,,0,,,0,,,0,,,0,,,0,,,0,,,0,,,0,,,0,,,0,,,0,,,0,,,0,,,0,,,0,,,0,,,0,,,0,,,0,,,0,,,0,,,0,,,0,,,0,,,0,,,0,,,0,,,0,13.49381,0.5587286,False,False,0,0,False,True,61.16667,1,1,0
,,0,,,0,,,0,,,0,,,0,,,0,,,0,,,0,,,0,,,0,,,0,,,0,,,0,,,0,,,0,,,0,,,0,,,0,,,0,,,0,,,0,,,0,,,0,,,0,,,0,,,0,,,0,,,0,,,0,,,0,,,0,,,0,,,0,,,0,,,0,,,0,13.49487,0.6459897,False,False,0,0,False,True,61.44834,1,1,0
,,0,,,0,,,0,,,0,,,0,,,0,,,0,,,0,,,0,,,0,,,0,,,0,,,0,,,0,,,0,,,0,,,0,,,0,,,0,,,0,,,0,,,0,,,0,,,0,,,0,,,0,,,0,-1712572,RoadBlock,9.932001,,,0,,,0,,,0,,,0,,,0,,,0,,,0,,,0,13.4953,0.689606,False,False,0,0,False,True,61.85552,1,1,0
,,0,,,0,,,0,,,0,,,0,,,0,,,0,,,0,,,0,,,0,,,0,,,0,,,0,,,0,,,0,,,0,,,0,,,0,,,0,,,0,,,0,,,0,,,0,,,0,,,0,,,0,,,0,,,0,,,0,,,0,,,0,,,0,,,0,,,0,,,0,,,0,13.49536,0.3857322,False,False,0,0,False,True,61.73734,1,1,0
,,0,,,0,,,0,,,0,,,0,,,0,,,0,,,0,,,0,,,0,,,0,,,0,,,0,,,0,,,0,,,0,,,0,,,0,,,0,,,0,,,0,,,0,,,0,,,0,,,0,,,0,,,0,,,0,,,0,,,0,,,0,,,0,,,0,,,0,,,0,,,0,13.49537,0.3606203,False,False,0,0,False,True,61.87941,1,1,0
,,0,,,0,,,0,,,0,,,0,,,0,,,0,,,0,,,0,,,0,,,0,,,0,,,0,,,0,,,0,,,0,,,0,,,0,,,0,,,0,,,0,,,0,,,0,,,0,,,0,,,0,,,0,,,0,,,0,,,0,,,0,,,0,,,0,,,0,,,0,,,0,13.49537,0.33176,False,False,0,0,False,True,62.10413,1,1,0
,,0,,,0,,,0,,,0,,,0,,,0,,,0,,,0,,,0,,,0,,,0,,,0,,,0,,,0,,,0,,,0,,,0,,,0,,,0,,,0,,,0,,,0,,,0,,,0,,,0,,,0,,,0,,,0,,,0,,,0,,,0,,,0,,,0,,,0,,,0,,,0,13.49536,0.3170464,False,False,0,0,False,True,62.08116,1,1,0
,,0,,,0,,,0,,,0,,,0,,,0,,,0,,,0,,,0,,,0,,,0,,,0,,,0,,,0,,,0,,,0,,,0,,,0,,,0,,,0,,,0,,,0,,,0,,,0,,,0,,,0,,,0,,,0,,,0,,,0,,,0,,,0,,,0,,,0,,,0,,,0,13.49265,0.2870319,False,False,0,0,False,True,62.25613,1,1,-0.1691756
,,0,,,0,,,0,,,0,,,0,,,0,,,0,,,0,,,0,,,0,,,0,,,0,,,0,,,0,,,0,,,0,,,0,,,0,,,0,,,0,,,0,,,0,,,0,,,0,,,0,,,0,,,0,,,0,,,0,,,0,,,0,,,0,,,0,,,0,,,0,,,0,13.48393,0.2470452,False,False,0,0,False,True,62.61758,1,1,-0.326446
,,0,,,0,,,0,,,0,,,0,,,0,,,0,,,0,,,0,,,0,,,0,,,0,,,0,,,0,,,0,,,0,,,0,,,0,,,0,,,0,,,0,,,0,,,0,,,0,,,0,,,0,,,0,,,0,,,0,,,0,,,0,,,0,,,0,,,0,,,0,,,0,13.47519,0.1383673,False,False,0,0,False,True,62.5824,1,1,-0.4374658
,,0,,,0,,,0,,,0,,,0,,,0,,,0,,,0,,,0,,,0,,,0,,,0,,,0,,,0,,,0,,,0,,,0,,,0,,,0,,,0,,,0,,,0,,,0,,,0,,,0,,,0,,,0,,,0,,,0,,,0,,,0,,,0,,,0,,,0,,,0,,,0,13.48409,0.03722043,False,False,0,0,False,True,62.54617,1,1,-0.2769548
,,0,,,0,,,0,,,0,,,0,,,0,,,0,,,0,,,0,,,0,,,0,,,0,,,0,,,0,,,0,,,0,,,0,,,0,,,0,,,0,,,0,,,0,,,0,,,0,,,0,,,0,,,0,,,0,,,0,,,0,,,0,,,0,,,0,,,0,,,0,,,0,13.4908,0.1144494,False,False,0,0,False,True,62.73451,1,1,-0.1175795
,,0,,,0,,,0,,,0,,,0,,,0,,,0,,,0,,,0,,,0,,,0,,,0,,,0,,,0,,,0,,,0,,,0,,,0,,,0,,,0,,,0,,,0,,,0,,,0,,,0,,,0,,,0,,,0,,,0,,,0,,,0,,,0,,,0,,,0,,,0,,,0,13.49251,0.1986629,False,False,0,0,False,True,63.06451,1,1,0
,,0,,,0,,,0,,,0,,,0,,,0,,,0,,,0,,,0,,,0,,,0,,,0,,,0,,,0,,,0,,,0,,,0,,,0,,,0,,,0,,,0,,,0,,,0,,,0,,,0,,,0,,,0,,,0,,,0,,,0,,,0,,,0,,,0,,,0,,,0,,,0,13.49421,0.2927515,False,False,0,0,False,True,62.88926,1,1,0
,,0,,,0,,,0,,,0,,,0,,,0,,,0,,,0,,,0,,,0,,,0,,,0,,,0,,,0,,,0,,,0,,,0,,,0,,,0,,,0,,,0,,,0,,,0,,,0,,,0,,,0,,,0,,,0,,,0,,,0,,,0,,,0,,,0,,,0,,,0,,,0,13.49493,0.3395232,False,False,0,0,False,True,63.01202,1,1,0
,,0,,,0,,,0,,,0,,,0,,,0,,,0,,,0,,,0,,,0,,,0,,,0,,,0,,,0,,,0,,,0,,,0,,,0,,,0,,,0,,,0,,,0,,,0,,,0,,,0,,,0,,,0,,,0,,,0,,,0,,,0,,,0,,,0,,,0,,,0,,,0,13.49529,0.3926006,False,False,0,0,False,True,63.21848,1,1,0
,,0,,,0,,,0,,,0,,,0,,,0,,,0,,,0,,,0,,,0,,,0,,,0,,,0,,,0,,,0,,,0,,,0,,,0,,,0,,,0,,,0,,,0,,,0,,,0,,,0,,,0,,,0,,,0,,,0,,,0,,,0,,,0,,,0,,,0,,,0,,,0,13.49536,0.4194009,False,False,0,0,False,True,63.20275,1,1,0
,,0,,,0,,,0,,,0,,,0,,,0,,,0,,,0,,,0,,,0,,,0,,,0,,,0,,,0,,,0,,,0,,,0,,,0,,,0,,,0,,,0,,,0,,,0,,,0,,,0,,,0,,,0,,,0,,,0,,,0,,,0,,,0,,,0,,,0,,,0,,,0,13.49451,0.4553509,False,False,0,0,False,True,63.43196,1,1,-0.1006014
,,0,,,0,,,0,,,0,,,0,,,0,,,0,,,0,,,0,,,0,,,0,,,0,,,0,,,0,,,0,,,0,,,0,,,0,,,0,,,0,,,0,,,0,,,0,,,0,,,0,,,0,,,0,,,0,,,0,,,0,,,0,,,0,,,0,,,0,,,0,,,0,13.48773,0.6337787,False,False,0,0,False,True,63.8204,1,1,-0.2579638
,,0,,,0,,,0,,,0,,,0,,,0,,,0,,,0,,,0,,,0,,,0,,,0,,,0,,,0,,,0,,,0,,,0,,,0,,,0,,,0,,,0,,,0,,,0,,,0,,,0,,,0,,,0,,,0,,,0,,,0,,,0,,,0,,,0,,,0,,,0,,,0,13.49311,0.5525459,False,False,0,0,False,True,63.8665,1,1,-0.1434114
,,0,,,0,,,0,,,0,,,0,,,0,,,0,,,0,,,0,,,0,,,0,,,0,,,0,,,0,,,0,,,0,,,0,,,0,,,0,,,0,,,0,,,0,,,0,,,0,,,0,,,0,,,0,,,0,,,0,,,0,,,0,,,0,,,0,,,0,,,0,,,0,13.49433,0.5001993,False,False,0,0,False,True,63.961,1,1,0
,,0,,,0,,,0,,,0,,,0,,,0,,,0,,,0,,,0,,,0,,,0,,,0,,,0,,,0,,,0,,,0,,,0,,,0,,,0,,,0,,,0,,,0,,,0,,,0,,,0,,,0,,,0,,,0,,,0,,,0,,,0,,,0,,,0,,,0,,,0,,,0,13.49493,0.4409939,False,False,0,0,False,True,64.30573,1,1,0
,,0,,,0,,,0,,,0,,,0,,,0,,,0,,,0,,,0,,,0,,,0,,,0,,,0,,,0,,,0,,,0,,,0,,,0,,,0,,,0,,,0,,,0,,,0,,,0,,,0,,,0,,,0,,,0,,,0,,,0,,,0,,,0,,,0,,,0,,,0,,,0,13.49529,0.4111897,False,False,0,0,False,True,64.77361,1,1,0
,,0,,,0,,,0,,,0,,,0,,,0,,,0,,,0,,,0,,,0,,,0,,,0,,,0,,,0,,,0,,,0,,,0,,,0,,,0,,,0,,,0,,,0,,,0,,,0,,,0,,,0,,,0,,,0,,,0,,,0,,,0,,,0,,,0,,,0,,,0,,,0,13.49458,0.3719161,False,False,0,0,False,True,64.95682,1,1,-0.1183694
,,0,,,0,,,0,,,0,,,0,,,0,,,0,,,0,,,0,,,0,,,0,,,0,,,0,,,0,,,0,,,0,,,0,,,0,,,0,,,0,,,0,,,0,,,0,,,0,,,0,,,0,,,0,,,0,,,0,,,0,,,0,,,0,,,0,,,0,,,0,,,0,13.48779,0.3345276,False,False,0,0,False,True,65.46348,1,1,-0.2893052
,,0,,,0,,,0,,,0,,,0,,,0,,,0,,,0,,,0,,,0,,,0,,,0,,,0,,,0,,,0,,,0,,,0,,,0,,,0,,,0,,,0,,,0,,,0,,,0,,,0,,,0,,,0,,,0,,,0,,,0,,,0,,,0,,,0,,,0,,,0,,,0,13.49173,0.2491913,False,False,0,0,False,True,65.67021,1,1,-0.1720692
,,0,,,0,,,0,,,0,,,0,,,0,,,0,,,0,,,0,,,0,,,0,,,0,,,0,,,0,,,0,,,0,,,0,,,0,,,0,,,0,,,0,,,0,,,0,,,0,,,0,,,0,,,0,,,0,,,0,,,0,,,0,,,0,,,0,,,0,,,0,,,0,13.494,0.1917862,False,False,0,0,False,True,65.86304,1,1,-0.01085593
,,0,,,0,,,0,,,0,,,0,,,0,,,0,,,0,,,0,,,0,,,0,,,0,,,0,,,0,,,0,,,0,,,0,,,0,,,0,,,0,,,0,,,0,,,0,,,0,,,0,,,0,,,0,,,0,,,0,,,0,,,0,,,0,,,0,,,0,,,0,,,0,13.49475,0.1266563,False,False,0,0,False,True,66.24455,1,1,0
,,0,,,0,,,0,,,0,,,0,,,0,,,0,,,0,,,0,,,0,,,0,,,0,,,0,,,0,,,0,,,0,,,0,,,0,,,0,,,0,,,0,,,0,,,0,,,0,,,0,,,0,,,0,-1712632,RoadBlock,10.00634,,,0,,,0,,,0,,,0,,,0,,,0,,,0,,,0,13.49523,0.09396291,False,False,0,0,False,True,66.71367,1,1,0
,,0,,,0,,,0,,,0,,,0,,,0,,,0,,,0,,,0,,,0,,,0,,,0,,,0,,,0,,,0,,,0,,,0,,,0,,,0,,,0,,,0,,,0,,,0,,,0,,,0,,,0,,,0,,,0,,,0,,,0,,,0,,,0,,,0,,,0,,,0,,,0,13.49461,0.0514723,False,False,0,0,False,True,66.82703,1,1,-0.1218177
,,0,,,0,,,0,,,0,,,0,,,0,,,0,,,0,,,0,,,0,,,0,,,0,,,0,,,0,,,0,,,0,,,0,,,0,,,0,,,0,,,0,,,0,,,0,,,0,,,0,,,0,,,0,,,0,,,0,,,0,,,0,,,0,,,0,,,0,,,0,,,0,13.48786,0.01266727,False,False,0,0,False,True,67.2349,1,1,-0.3010243
,,0,,,0,,,0,,,0,,,0,,,0,,,0,,,0,,,0,,,0,,,0,,,0,,,0,,,0,,,0,,,0,,,0,,,0,,,0,,,0,,,0,,,0,,,0,,,0,,,0,,,0,,,0,,,0,,,0,,,0,,,0,,,0,,,0,,,0,,,0,,,0,13.48017,0.08497301,False,False,0,0,False,True,67.30208,1,1,-0.4200436
,,0,,,0,,,0,,,0,,,0,,,0,,,0,,,0,,,0,,,0,,,0,,,0,,,0,,,0,,,0,,,0,,,0,,,0,,,0,,,0,,,0,,,0,,,0,,,0,,,0,,,0,,,0,,,0,,,0,,,0,,,0,,,0,,,0,,,0,,,0,,,0,13.48667,0.1779387,False,False,0,0,False,True,67.69247,1,1,-0.2541555
,,0,,,0,,,0,,,0,,,0,,,0,,,0,,,0,,,0,,,0,,,0,,,0,,,0,,,0,,,0,,,0,,,0,,,0,,,0,,,0,,,0,,,0,,,0,,,0,,,0,,,0,,,0,,,0,,,0,,,0,,,0,,,0,,,0,,,0,,,0,,,0,13.49142,0.8028505,False,False,0,0,False,True,67.61413,1,1,-0.09694634
,,0,,,0,,,0,,,0,,,0,,,0,,,0,,,0,,,0,,,0,,,0,,,0,,,0,,,0,,,0,,,0,,,0,,,0,,,0,,,0,,,0,,,0,,,0,,,0,,,0,,,0,,,0,,,0,,,0,,,0,,,0,,,0,,,0,,,0,,,0,,,0,13.49295,0.723959,False,False,0,0,False,True,67.99696,1,1,0
,,0,,,0,,,0,,,0,,,0,,,0,,,0,,,0,,,0,,,0,,,0,,,0,,,0,,,0,,,0,,,0,,,0,,,0,,,0,,,0,,,0,,,0,,,0,,,0,,,0,,,0,,,0,,,0,,,0,,,0,,,0,,,0,,,0,,,0,,,0,,,0,13.49448,0.6301082,False,False,0,0,False,True,67.98827,1,1,-0.1127636
,,0,,,0,,,0,,,0,,,0,,,0,,,0,,,0,,,0,,,0,,,0,,,0,,,0,,,0,,,0,,,0,,,0,,,0,,,0,,,0,,,0,,,0,,,0,,,0,,,0,,,0,,,0,,,0,,,0,,,0,,,0,,,0,,,0,,,0,,,0,,,0,13.49254,0.5667295,False,False,0,0,False,True,67.97045,1,1,-0.174999
,,0,,,0,,,0,,,0,,,0,,,0,,,0,,,0,,,0,,,0,,,0,,,0,,,0,,,0,,,0,,,0,,,0,,,0,,,0,,,0,,,0,,,0,,,0,,,0,,,0,,,0,,,0,,,0,,,0,,,0,,,0,,,0,,,0,,,0,,,0,,,0,13.49456,0.4783687,False,False,0,0,False,True,68.12157,1,1,-0.007331017
,,0,,,0,,,0,,,0,,,0,,,0,,,0,,,0,,,0,-1712492,RoadBlock,9.999449,,,0,,,0,,,0,,,0,,,0,,,0,,,0,,,0,,,0,,,0,,,0,,,0,,,0,,,0,,,0,,,0,,,0,,,0,,,0,,,0,,,0,,,0,,,0,,,0,,,0,,,0,13.33549,0.4329889,False,False,0,0,False,True,68.42496,1,0.839523,0
,,0,,,0,,,0,,,0,,,0,,,0,,,0,,,0,,,0,-1712492,RoadBlock,9.956872,,,0,,,0,,,0,,,0,,,0,,,0,,,0,,,0,,,0,,,0,,,0,,,0,,,0,,,0,,,0,,,0,,,0,,,0,,,0,,,0,,,0,,,0,,,0,,,0,,,0,,,0,13.27484,0.3815781,False,False,0,0,False,True,68.35423,1,0.729921,0
,,0,,,0,,,0,,,0,,,0,,,0,,,0,,,0,-1712492,RoadBlock,10.00772,-1712492,RoadBlock,9.931853,,,0,,,0,,,0,,,0,,,0,,,0,,,0,,,0,,,0,,,0,,,0,,,0,,,0,,,0,,,0,,,0,,,0,,,0,,,0,,,0,,,0,,,0,,,0,,,0,,,0,,,0,13.21859,0.3556452,False,False,0,0,False,True,68.24882,1,0.5591723,0
,,0,,,0,,,0,,,0,,,0,,,0,,,0,,,0,-1712492,RoadBlock,9.982824,-1712492,RoadBlock,9.898181,,,0,,,0,,,0,,,0,,,0,,,0,,,0,,,0,,,0,,,0,,,0,,,0,,,0,,,0,,,0,,,0,,,0,,,0,,,0,,,0,,,0,,,0,,,0,,,0,,,0,,,0,13.13632,0.3259858,False,False,0,0,False,True,68.38398,1,0.3964187,0
-1712738,bump,9.69286,,,0,,,0,,,0,,,0,,,0,,,0,,,0,-1712492,RoadBlock,9.9668,-1712492,RoadBlock,9.877757,,,0,,,0,,,0,,,0,,,0,,,0,,,0,,,0,,,0,,,0,,,0,,,0,,,0,,,0,,,0,,,0,,,0,,,0,,,0,,,0,,,0,,,0,,,0,,,0,-1712738,bump,9.763995,,,0,13.05498,0.3109676,False,False,0,0,False,True,68.70637,1,0.2392872,0
-1712738,bump,8.899448,-1712738,bump,9.285153,,,0,,,0,,,0,,,0,,,0,,,0,-1712492,RoadBlock,9.943449,-1712492,RoadBlock,9.84945,,,0,,,0,,,0,,,0,,,0,,,0,,,0,,,0,,,0,,,0,,,0,,,0,,,0,,,0,,,0,,,0,,,0,,,0,,,0,,,0,,,0,,,0,,,0,,,0,-1712738,bump,8.974528,,,0,13.00102,0.2937391,False,False,0,0,False,True,68.61073,1,-0.04970777,0
-1712738,bump,8.391098,-1712738,bump,8.752381,-1712738,bump,9.446028,,,0,,,0,,,0,,,0,,,0,-1712492,RoadBlock,9.928772,-1712492,RoadBlock,9.832284,,,0,,,0,,,0,,,0,,,0,,,0,,,0,,,0,,,0,,,0,,,0,,,0,,,0,,,0,,,0,,,0,,,0,,,0,,,0,,,0,,,0,,,0,,,0,,,0,-1712738,bump,8.466327,,,0,12.55146,0.2850538,False,False,0,0,False,True,68.54141,1,-0.2071073,0
,,0,,,0,,,0,,,0,,,0,,,0,,,0,,,0,-1712492,RoadBlock,9.906794,-1712492,RoadBlock,9.80682,-1712492,RoadBlock,10.00905,,,0,,,0,-1712428,Cube (10),9.560602,-1712428,Cube (10),8.387305,,,0,,,0,,,0,,,0,,,0,,,0,-1712464,Cube (14),9.944845,,,0,,,0,,,0,,,0,,,0,,,0,,,0,,,0,,,0,,,0,,,0,,,0,,,0,,,0,11.99161,8.988564,False,False,0,0,False,True,68.65862,1,-0.3655801,0
,,0,,,0,,,0,,,0,,,0,,,0,,,0,,,0,-1712704,RoadBlock,9.867396,-1712492,RoadBlock,9.792682,-1712492,RoadBlock,9.993472,,,0,,,0,-1712428,Cube (10),8.265784,-1712428,Cube (10),7.638484,,,0,,,0,,,0,,,0,,,0,,,0,-1712476,Cube (15),9.864019,-1712476,Cube (15),7.86553,-1712476,Cube (15),8.698542,,,0,,,0,,,0,,,0,,,0,,,0,,,0,,,0,,,0,,,0,,,0,,,0,11.72491,0.27328,False,False,0,0,False,True,68.57322,1,-0.5216964,0
,,0,,,0,,,0,,,0,,,0,,,0,,,0,-1712704,RoadBlock,9.976343,-1712704,RoadBlock,9.770479,-1712492,RoadBlock,9.77402,-1712492,RoadBlock,9.970713,,,0,,,0,-1712428,Cube (10),8.168756,-1712428,Cube (10),7.567366,-1712428,Cube (10),9.977835,,,0,,,0,,,0,,,0,,,0,-1712476,Cube (15),9.951035,-1712476,Cube (15),7.926972,-1712476,Cube (15),7.526909,-1712476,Cube (15),9.500504,,,0,,,0,,,0,,,0,,,0,,,0,,,0,,,0,,,0,,,0,,,0,11.3225,0.2618913,False,False,0,0,False,True,68.66203,1,-0.6805324,-0.158836
,,0,,,0,-1712726,Pavement (1),9.990059,,,0,,,0,,,0,,,0,-1712704,RoadBlock,9.925139,-1712704,RoadBlock,9.713458,-1712492,RoadBlock,9.766256,-1712492,RoadBlock,9.955738,,,0,,,0,-1712428,Cube (10),8.759527,-1712428,Cube (10),7.503973,-1712428,Cube (10),9.86918,,,0,,,0,,,0,,,0,,,0,,,0,-1712476,Cube (15),7.984621,-1712476,Cube (15),7.936206,-1712476,Cube (15),9.983479,,,0,,,0,,,0,,,0,,,0,,,0,,,0,,,0,,,0,,,0,,,0,10.8676,0.2386304,False,False,0,0,False,True,68.89468,1,-0.8413234,-0.319627
,,0,,,0,,,0,,,0,,,0,,,0,,,0,-1712704,RoadBlock,9.882545,-1712704,RoadBlock,9.649282,-1712704,RoadBlock,9.714026,-1712492,RoadBlock,9.935848,,,0,,,0,,,0,-1712428,Cube (10),8.289582,-1712428,Cube (10),9.614754,,,0,,,0,,,0,,,0,,,0,,,0,-1712476,Cube (15),8.113413,-1712476,Cube (15),9.059937,,,0,,,0,,,0,,,0,,,0,,,0,,,0,,,0,,,0,,,0,-1712738,bump,5.606792,,,0,10.53064,0.7251174,False,False,0,0,False,True,68.73728,1,-0.9524089,-0.4307124
-1712738,bump,4.979659,-1712738,bump,5.15638,-1712738,bump,5.519869,,,0,,,0,,,0,,,0,-1712704,RoadBlock,9.882108,-1712704,RoadBlock,9.624394,-1712704,RoadBlock,9.665064,-1712492,RoadBlock,9.926583,,,0,,,0,,,0,,,0,,,0,,,0,,,0,,,0,,,0,,,0,,,0,,,0,,,0,,,0,,,0,,,0,,,0,,,0,,,0,,,0,,,0,,,0,,,0,-1712738,bump,5.094884,,,0,10.10136,0.6414722,False,False,0,0,False,True,68.59494,1,-1,-0.5875157
-1712738,bump,4.3194,-1712738,bump,4.452076,-1712738,bump,4.741693,,,0,,,0,,,0,,,0,-1712704,RoadBlock,9.930628,-1712704,RoadBlock,9.624027,-1712704,RoadBlock,9.618417,-1712704,RoadBlock,9.912929,,,0,,,0,,,0,,,0,,,0,,,0,,,0,,,0,,,0,,,0,,,0,,,0,,,0,,,0,,,0,,,0,,,0,,,0,,,0,,,0,,,0,,,0,,,0,-1712738,bump,4.45956,,,0,9.673744,0.4812387,False,False,0,0,False,True,68.57553,1,-1,-0.4261218
-1712738,bump,3.930737,-1712738,bump,4.037648,-1712738,bump,4.2842,,,0,,,0,,,0,,,0,-1712704,RoadBlock,9.982397,-1712704,RoadBlock,9.639897,-1712704,RoadBlock,9.601308,-1712704,RoadBlock,9.860508,,,0,,,0,,,0,,,0,,,0,,,0,,,0,,,0,,,0,,,0,,,0,,,0,,,0,,,0,,,0,,,0,,,0,,,0,,,0,,,0,,,0,,,0,,,0,-1712738,bump,4.085847,,,0,9.277225,0.368557,False,False,0,0,False,True,68.72227,1,-1,-0.2689225
-1712738,bump,3.386664,-1712738,bump,3.462513,-1712738,bump,3.655271,,,0,,,0,,,0,,,0,,,0,-1712704,RoadBlock,9.6749,-1712704,RoadBlock,9.592113,-1712704,RoadBlock,9.805205,,,0,,,0,,,0,,,0,,,0,,,0,,,0,,,0,,,0,,,0,,,0,,,0,,,0,,,0,,,0,,,0,,,0,,,0,,,0,,,0,,,0,,,0,,,0,-1712738,bump,3.553319,,,0,8.994478,0.2190715,False,False,0,0,False,True,68.42336,1,-1,-0.1134167
-1712738,bump,3.039515,-1712738,bump,3.100438,-1712738,bump,3.264848,,,0,,,0,,,0,,,0,,,0,-1712704,RoadBlock,9.695249,-1712704,RoadBlock,9.59129,-1712704,RoadBlock,9.782712,,,0,,,0,,,0,,,0,,,0,,,0,,,0,,,0,,,0,,,0,,,0,,,0,,,0,,,0,,,0,,,0,,,0,,,0,,,0,,,0,,,0,,,0,,,0,-1712738,bump,3.203848,,,0,8.695842,0.147976,False,False,0,0,False,True,68.4147,1,-1,0
-1712738,bump,2.53586,-1712738,bump,2.581034,-1712738,bump,2.711451,,,0,,,0,,,0,,,0,,,0,-1712704,RoadBlock,9.715891,-1712704,RoadBlock,9.591908,-1712704,RoadBlock,9.763052,,,0,,,0,,,0,,,0,,,0,,,0,,,0,,,0,,,0,,,0,,,0,,,0,,,0,,,0,,,0,,,0,,,0,,,0,,,0,,,0,,,0,,,0,,,0,-1712738,bump,2.684628,,,0,8.24378,0.0808913,False,False,0,0,False,True,68.44971,1,-1,0
-1712738,bump,2.212591,-1712738,bump,2.250049,-1712738,bump,2.361476,,,0,,,0,,,0,,,0,,,0,-1712704,RoadBlock,9.724916,-1712704,RoadBlock,9.59271,-1712704,RoadBlock,9.755588,,,0,,,0,,,0,,,0,,,0,,,0,,,0,,,0,,,0,,,0,,,0,,,0,,,0,,,0,,,0,,,0,,,0,,,0,,,0,,,0,,,0,,,0,,,0,-1712738,bump,2.346342,,,0,7.947684,0.05330279,False,False,0,0,False,True,68.38464,1,-1,0
-1712738,bump,1.74962,-1712738,bump,1.777813,-1712738,bump,1.864117,,,0,,,0,,,0,,,0,,,0,-1712704,RoadBlock,9.73384,-1712704,RoadBlock,9.593898,-1712704,RoadBlock,9.749033,,,0,,,0,,,0,,,0,,,0,,,0,,,0,,,0,,,0,,,0,,,0,,,0,,,0,,,0,,,0,,,0,,,0,,,0,,,0,,,0,,,0,,,0,,,0,-1712738,bump,1.858014,,,0,7.51245,0.02712405,False,False,0,0,False,True,68.47086,1,-1,0
-1712738,bump,1.456401,-1712738,bump,1.479343,-1712738,bump,1.550438,,,0,,,0,,,0,,,0,,,0,-1712704,RoadBlock,9.737713,-1712704,RoadBlock,9.594562,-1712704,RoadBlock,9.746495,,,0,,,0,,,0,,,0,,,0,,,0,,,0,,,0,,,0,,,0,,,0,,,0,,,0,,,0,,,0,,,0,,,0,,,0,,,0,,,0,,,0,,,0,,,0,-1712738,bump,1.547332,,,0,7.083845,0.01631322,False,False,0,0,False,True,68.66978,1,-1,0
-1712738,bump,1.1265,-1712738,bump,1.14367,-1712738,bump,1.197915,,,0,,,0,,,0,,,0,,,0,-1712704,RoadBlock,9.73993,-1712704,RoadBlock,9.591758,-1712704,RoadBlock,9.738754,-1712726,Pavement (1),7.983797,-1712726,Pavement (1),5.581144,-1712726,Pavement (1),5.994074,-1712428,Cube (10),6.926693,-1712428,Cube (10),8.498215,,,0,,,0,,,0,,,0,,,0,,,0,-1712476,Cube (15),8.850702,-1712714,Pavement,7.074804,-1712714,Pavement,6.265877,-1712714,Pavement,8.966255,,,0,,,0,,,0,,,0,,,0,,,0,,,0,,,0,-1712738,bump,1.19778,,,0,5.558814,0.008847827,False,False,0,0,False,True,68.52154,1,-1,0
-1712738,bump,0.9847903,-1712738,bump,0.9996582,-1712738,bump,1.04709,,,0,,,0,,,0,,,0,,,0,-1712704,RoadBlock,9.739473,-1712704,RoadBlock,9.588567,-1712726,Pavement (1),7.551859,-1712726,Pavement (1),4.883604,-1712726,Pavement (1),5.293222,-1712726,Pavement (1),5.979216,-1712428,Cube (10),6.940166,-1712428,Cube (10),8.517735,-1712224,RoadBlock,8.601229,-1712224,RoadBlock,8.222018,-1712224,RoadBlock,8.111907,-1712224,RoadBlock,8.253338,-1712224,RoadBlock,8.668977,-1712224,RoadBlock,9.431172,-1712476,Cube (15),8.800746,-1712714,Pavement,7.062818,-1712714,Pavement,6.25509,-1712714,Pavement,5.772595,-1712714,Pavement,8.528898,,,0,,,0,,,0,,,0,,,0,,,0,,,0,-1712738,bump,1.048026,,,0,5.162056,0.008392937,False,False,0,0,False,True,68.50444,1,-1,0
-1712738,bump,0.7562383,-1712738,bump,0.7683254,-1712738,bump,0.8058263,,,0,,,0,,,0,,,0,,,0,-1712704,RoadBlock,9.738872,-1712704,RoadBlock,9.585773,-1712726,Pavement (1),5.09229,-1712726,Pavement (1),4.874158,-1712726,Pavement (1),5.282215,-1712726,Pavement (1),5.966805,-1712674,RoadBlock,6.860268,-1712674,RoadBlock,6.063614,-1712674,RoadBlock,5.58476,-1712674,RoadBlock,5.326868,-1712674,RoadBlock,5.245545,-1712674,RoadBlock,5.327848,-1712674,RoadBlock,5.586879,-1712674,RoadBlock,6.067264,-1712674,RoadBlock,6.866257,-1712714,Pavement,7.053537,-1712714,Pavement,6.246349,-1712714,Pavement,5.764861,-1712714,Pavement,5.50948,,,0,,,0,,,0,,,0,,,0,,,0,,,0,-1712738,bump,0.8043612,,,0,4.744506,0.005935434,False,False,0,0,False,True,68.47885,1,-1,0
-1712738,bump,0.5031506,-1712738,bump,0.5112734,-1712738,bump,0.5364827,,,0,,,0,,,0,,,0,,,0,-1712704,RoadBlock,9.738376,-1712704,RoadBlock,9.584525,-1712726,Pavement (1),4.654562,-1712726,Pavement (1),4.870477,-1712726,Pavement (1),5.278046,-1712726,Pavement (1),5.962172,-1712674,RoadBlock,5.851541,-1712674,RoadBlock,5.167395,-1712674,RoadBlock,4.755823,-1712674,RoadBlock,4.53352,-1712674,RoadBlock,4.462215,-1712674,RoadBlock,4.530576,-1712674,RoadBlock,4.749456,-1712674,RoadBlock,5.15644,-1712674,RoadBlock,5.833561,-1712674,RoadBlock,6.95646,-1712714,Pavement,6.243478,-1712714,Pavement,5.762139,-1712714,Pavement,5.507054,,,0,,,0,,,0,,,0,,,0,,,0,,,0,-1712738,bump,0.5355022,,,0,4.591801,0.005935434,False,False,0,0,False,True,68.3484,1,-1,0
-1712738,bump,0.1722454,-1712738,bump,0.1746402,-1712738,bump,0.1821493,,,0,,,0,,,0,,,0,,,0,-1712704,RoadBlock,9.737779,-1712704,RoadBlock,9.583343,-1712726,Pavement (1),4.651862,-1712726,Pavement (1),4.867418,-1712726,Pavement (1),5.274645,-1712726,Pavement (1),5.958386,-1712674,RoadBlock,5.14457,-1712674,RoadBlock,4.540817,-1712674,RoadBlock,4.177456,-1712674,RoadBlock,3.980939,-1712674,RoadBlock,3.917509,-1712674,RoadBlock,3.977086,-1712674,RoadBlock,4.16912,-1712674,RoadBlock,4.526494,-1712674,RoadBlock,5.121081,-1712674,RoadBlock,6.10666,-1712714,Pavement,6.241833,-1712714,Pavement,5.760363,-1712714,Pavement,5.505288,,,0,,,0,,,0,,,0,,,0,,,0,,,0,-1712738,bump,0.1819664,,,0,4.35284,0.005595291,False,False,0,0,False,True,68.2763,1,-1,0
,,0,,,0,,,0,,,0,,,0,,,0,,,0,,,0,-1712704,RoadBlock,9.73761,-1712704,RoadBlock,9.582969,-1712726,Pavement (1),4.651088,-1712726,Pavement (1),4.866535,-1712726,Pavement (1),5.273638,-1712674,RoadBlock,5.950238,-1712674,RoadBlock,4.980634,-1712674,RoadBlock,4.396212,-1712674,RoadBlock,4.044478,-1712674,RoadBlock,3.854327,-1712674,RoadBlock,3.793089,-1712674,RoadBlock,3.851061,-1712674,RoadBlock,4.037416,-1712674,RoadBlock,4.384066,-1712674,RoadBlock,4.960713,-1712674,RoadBlock,5.916572,-1712714,Pavement,6.241764,-1712714,Pavement,5.760149,-1712714,Pavement,5.504982,,,0,,,0,,,0,,,0,,,0,,,0,,,0,,,0,,,0,4.190259,0.004846702,False,False,0,0,False,True,68.3039,1,-0.8403249,0
,,0,,,0,,,0,,,0,,,0,,,0,,,0,,,0,-1712704,RoadBlock,9.737752,-1712704,RoadBlock,9.582971,-1712726,Pavement (1),4.6512,-1712726,Pavement (1),4.86656,-1712726,Pavement (1),5.273528,-1712726,Pavement (1),5.95688,-1712674,RoadBlock,5.071835,-1712674,RoadBlock,4.478129,-1712674,RoadBlock,4.120917,-1712674,RoadBlock,3.928043,-1712674,RoadBlock,3.866393,-1712674,RoadBlock,3.926191,-1712674,RoadBlock,4.116915,-1712674,RoadBlock,4.471254,-1712674,RoadBlock,5.060558,-1712674,RoadBlock,6.037615,-1712714,Pavement,6.242583,-1712714,Pavement,5.760817,-1712714,Pavement,5.505531,,,0,,,0,,,0,,,0,,,0,,,0,,,0,,,0,,,0,4.143819,0.003957411,False,False,0,0,False,True,68.03203,1,-0.7049337,0
,,0,,,0,,,0,,,0,,,0,,,0,,,0,,,0,-1712704,RoadBlock,9.738104,-1712704,RoadBlock,9.583354,-1712726,Pavement (1),4.652164,-1712726,Pavement (1),4.867538,-1712726,Pavement (1),5.274467,-1712726,Pavement (1),5.9577,-1712674,RoadBlock,5.385107,-1712674,RoadBlock,4.756325,-1712674,RoadBlock,4.378128,-1712674,RoadBlock,4.174138,-1712674,RoadBlock,4.109309,-1712674,RoadBlock,4.173358,-1712674,RoadBlock,4.376435,-1712674,RoadBlock,4.753411,-1712674,RoadBlock,5.380312,-1712674,RoadBlock,6.420009,-1712714,Pavement,6.243945,-1712714,Pavement,5.762053,-1712714,Pavement,5.506633,,,0,,,0,,,0,,,0,,,0,,,0,,,0,,,0,,,0,4.089768,0.002797646,False,False,0,0,False,True,68.04308,1,-0.5409996,0
,,0,,,0,,,0,,,0,,,0,,,0,,,0,,,0,-1712704,RoadBlock,9.738899,-1712704,RoadBlock,9.584594,-1712726,Pavement (1),4.802439,-1712726,Pavement (1),4.871063,-1712726,Pavement (1),5.278187,-1712726,Pavement (1),5.961435,-1712674,RoadBlock,6.467731,-1712674,RoadBlock,5.716125,-1712674,RoadBlock,5.264306,-1712674,RoadBlock,5.020973,-1712674,RoadBlock,4.944236,-1712674,RoadBlock,5.021907,-1712674,RoadBlock,5.266342,-1712674,RoadBlock,5.719617,-1712674,RoadBlock,6.473464,-1712714,Pavement,7.056633,-1712714,Pavement,6.248046,-1712714,Pavement,5.765719,-1712714,Pavement,5.509789,,,0,,,0,,,0,,,0,,,0,,,0,,,0,,,0,,,0,4.067834,0.002797646,False,False,0,0,False,True,67.85539,1,-0.4334686,0
,,0,,,0,,,0,,,0,,,0,,,0,,,0,,,0,-1712704,RoadBlock,9.739521,-1712704,RoadBlock,9.586002,-1712726,Pavement (1),5.933058,-1712726,Pavement (1),4.875458,-1712726,Pavement (1),5.28307,-1712726,Pavement (1),5.966621,-1712726,Pavement (1),7.1072,-1712674,RoadBlock,7.093879,-1712674,RoadBlock,6.535658,-1712674,RoadBlock,6.235285,-1712674,RoadBlock,6.140985,-1712674,RoadBlock,6.237734,-1712674,RoadBlock,6.540946,-1712674,RoadBlock,7.102975,-1712674,RoadBlock,8.037822,-1712714,Pavement,7.062038,-1712714,Pavement,6.252913,-1712714,Pavement,5.769939,-1712714,Pavement,6.007577,,,0,,,0,,,0,,,0,,,0,,,0,,,0,,,0,,,0,4.059671,0.001979389,False,False,0,0,False,True,67.71986,1,-0.2740484,0
,,0,,,0,,,0,,,0,,,0,,,0,,,0,,,0,-1712704,RoadBlock,9.740277,-1712704,RoadBlock,9.589208,-1712704,RoadBlock,9.733291,-1712726,Pavement (1),5.687116,-1712726,Pavement (1),5.29594,-1712726,Pavement (1),5.98076,-1712726,Pavement (1),7.12207,-1712428,Cube (10),8.847718,,,0,,,0,,,0,,,0,,,0,,,0,-1712714,Pavement,8.426299,-1712714,Pavement,7.076146,-1712714,Pavement,6.265379,-1712714,Pavement,5.780452,,,0,,,0,,,0,,,0,,,0,,,0,,,0,,,0,,,0,,,0,4.077265,0,False,False,0,0,False,True,67.68637,1,-0.1151676,0
,,0,,,0,,,0,,,0,,,0,,,0,,,0,,,0,-1712704,RoadBlock,9.740454,-1712704,RoadBlock,9.592268,-1712704,RoadBlock,9.739142,,,0,,,0,,,0,-1712726,Pavement (1),9.30193,-1712428,Cube (10),8.891357,,,0,,,0,,,0,,,0,,,0,,,0,-1712714,Pavement,9.391605,,,0,,,0,,,0,,,0,,,0,,,0,,,0,,,0,,,0,,,0,,,0,,,0,,,0,4.021839,0,False,False,0,0,False,True,67.77981,1,0.09940898,0
-1712660,RoadBlock,4.457263,-1712660,RoadBlock,4.525692,-1712660,RoadBlock,4.742608,,,0,-1712726,Pavement (1),7.133071,-1712726,Pavement (1),7.311221,-1712726,Pavement (1),9.38921,,,0,-1712704,RoadBlock,9.740257,-1712704,RoadBlock,9.595559,-1712704,RoadBlock,9.745822,,,0,,,0,,,0,,,0,,,0,,,0,,,0,,,0,,,0,,,0,,,0,,,0,,,0,,,0,,,0,,,0,,,0,,,0,,,0,-1712714,Pavement,9.402447,-1712714,Pavement,7.318299,-1712714,Pavement,8.450021,,,0,-1712660,RoadBlock,4.744021,,,0,4.053457,0,False,False,0,0,False,True,67.65189,1,0.2209576,0
-1712660,RoadBlock,2.324835,-1712660,RoadBlock,2.359389,-1712660,RoadBlock,2.471248,-1712726,Pavement (1),9.147269,-1712726,Pavement (1),7.123496,-1712726,Pavement (1),5.986075,-1712726,Pavement (1),5.303722,-1712726,Pavement (1),7.109889,-1712704,RoadBlock,9.737355,-1712704,RoadBlock,9.594501,-1712704,RoadBlock,9.746636,,,0,,,0,,,0,,,0,,,0,,,0,,,0,,,0,,,0,,,0,,,0,,,0,,,0,,,0,,,0,,,0,,,0,,,0,-1712714,Pavement,7.235242,-1712714,Pavement,6.276812,-1712714,Pavement,7.088499,-1712714,Pavement,8.440685,,,0,-1712660,RoadBlock,2.477009,,,0,2.994395,0.001979389,False,False,0,0,False,True,67.57413,1,0.3852385,0
-1712660,RoadBlock,1.128408,-1712660,RoadBlock,1.14551,-1712660,RoadBlock,1.200396,-1712660,RoadBlock,6.786477,-1712726,Pavement (1),7.10368,-1712726,Pavement (1),5.967198,-1712726,Pavement (1),5.28634,-1712726,Pavement (1),4.880664,-1712726,Pavement (1),6.793649,-1712704,RoadBlock,9.589629,-1712704,RoadBlock,9.744829,,,0,,,0,,,0,,,0,,,0,,,0,,,0,,,0,,,0,,,0,,,0,,,0,,,0,,,0,,,0,,,0,,,0,-1712714,Pavement,6.955924,-1712714,Pavement,5.777543,-1712714,Pavement,6.260967,-1712714,Pavement,7.071064,-1712660,RoadBlock,7.699484,-1712660,RoadBlock,6.802941,-1712660,RoadBlock,1.202231,,,0,2.746676,0,False,False,0,0,False,True,67.53418,1,0.5442988,0
-1712660,RoadBlock,0.9466732,-1712660,RoadBlock,0.9612328,-1712660,RoadBlock,1.007486,-1712660,RoadBlock,5.688398,-1712660,RoadBlock,6.434739,-1712726,Pavement (1),5.961566,-1712726,Pavement (1),5.280645,-1712726,Pavement (1),4.875081,-1712726,Pavement (1),5.738789,-1712704,RoadBlock,9.5873,-1712704,RoadBlock,9.743037,,,0,,,0,,,0,,,0,,,0,,,0,,,0,,,0,,,0,,,0,,,0,,,0,,,0,,,0,,,0,,,0,,,0,-1712714,Pavement,5.789046,-1712714,Pavement,5.772651,-1712714,Pavement,6.255932,-1712714,Pavement,7.066043,-1712660,RoadBlock,6.443121,-1712660,RoadBlock,5.693506,-1712660,RoadBlock,1.008056,,,0,2.807508,0.001979389,False,False,0,0,False,True,67.45879,1,0.6787721,0
-1712660,RoadBlock,0.8542575,-1712660,RoadBlock,0.8674623,-1712660,RoadBlock,0.9090593,-1712660,RoadBlock,5.109828,-1712660,RoadBlock,5.783062,-1712726,Pavement (1),5.958529,-1712726,Pavement (1),5.277209,-1712726,Pavement (1),4.871349,-1712726,Pavement (1),5.190446,-1712704,RoadBlock,9.585397,-1712704,RoadBlock,9.741147,,,0,,,0,,,0,,,0,,,0,,,0,,,0,,,0,,,0,,,0,,,0,,,0,,,0,,,0,,,0,,,0,,,0,-1712714,Pavement,5.512637,-1712714,Pavement,5.769494,-1712714,Pavement,6.253036,-1712660,RoadBlock,6.892629,-1712660,RoadBlock,5.77856,-1712660,RoadBlock,5.107088,-1712660,RoadBlock,0.9087539,,,0,2.942734,0,False,False,0,0,False,True,67.37296,1,0.8476708,0
-1712660,RoadBlock,0.8226884,-1712660,RoadBlock,0.835393,-1712660,RoadBlock,0.8753203,-1712660,RoadBlock,4.908302,-1712660,RoadBlock,5.555854,-1712726,Pavement (1),5.957516,-1712726,Pavement (1),5.276107,-1712726,Pavement (1),4.870193,-1712726,Pavement (1),4.99561,-1712704,RoadBlock,9.584829,-1712704,RoadBlock,9.740612,,,0,,,0,,,0,,,0,,,0,,,0,,,0,,,0,,,0,,,0,,,0,,,0,,,0,,,0,,,0,,,0,,,0,-1712714,Pavement,5.511665,-1712714,Pavement,5.768538,-1712714,Pavement,6.252125,-1712660,RoadBlock,6.61775,-1712660,RoadBlock,5.548371,-1712660,RoadBlock,4.90375,-1712660,RoadBlock,0.8748121,,,0,3.136013,0,False,False,0,0,False,True,67.42629,1,1,0
-1712660,RoadBlock,0.8171465,-1712660,RoadBlock,0.8297658,-1712660,RoadBlock,0.8694326,-1712660,RoadBlock,4.875154,-1712660,RoadBlock,5.518428,-1712726,Pavement (1),5.957274,-1712726,Pavement (1),5.275919,-1712726,Pavement (1),4.870059,-1712726,Pavement (1),4.962703,-1712704,RoadBlock,9.58479,-1712704,RoadBlock,9.740623,,,0,,,0,,,0,,,0,,,0,,,0,,,0,,,0,,,0,,,0,,,0,,,0,,,0,,,0,,,0,,,0,,,0,-1712714,Pavement,5.511695,-1712714,Pavement,5.7685,-1712714,Pavement,6.252025,-1712660,RoadBlock,6.573076,-1712660,RoadBlock,5.510863,-1712660,RoadBlock,4.870543,-1712660,RoadBlock,0.8689225,,,0,3.273343,0.001979389,False,False,0,0,False,True,67.21853,1,1,0
-1712660,RoadBlock,0.8529162,-1712660,RoadBlock,0.8661234,-1712660,RoadBlock,0.9076681,-1712660,RoadBlock,5.101162,-1712660,RoadBlock,5.773533,-1712726,Pavement (1),5.958361,-1712726,Pavement (1),5.277015,-1712726,Pavement (1),4.871131,-1712726,Pavement (1),5.186292,-1712704,RoadBlock,9.585193,-1712704,RoadBlock,9.740904,,,0,,,0,,,0,,,0,,,0,,,0,,,0,,,0,,,0,,,0,,,0,,,0,,,0,,,0,,,0,,,0,,,0,-1712714,Pavement,5.512685,-1712714,Pavement,5.769553,-1712714,Pavement,6.253111,-1712660,RoadBlock,6.878814,-1712660,RoadBlock,5.767324,-1712660,RoadBlock,5.097375,-1712660,RoadBlock,0.9072472,,,0,3.402067,0,False,False,0,0,False,True,67.05656,1,1,0
-1712660,RoadBlock,1.018814,-1712660,RoadBlock,1.034624,-1712660,RoadBlock,1.08449,-1712660,RoadBlock,6.120317,-1712660,RoadBlock,6.9244,-1712726,Pavement (1),5.963097,-1712726,Pavement (1),5.281414,-1712726,Pavement (1),4.875057,-1712726,Pavement (1),6.201675,-1712704,RoadBlock,9.586396,-1712704,RoadBlock,9.741341,,,0,,,0,,,0,,,0,,,0,,,0,,,0,,,0,,,0,,,0,,,0,,,0,,,0,,,0,,,0,,,0,,,0,-1712714,Pavement,6.183183,-1712714,Pavement,5.773282,-1712714,Pavement,6.257341,-1712714,Pavement,7.068202,-1712660,RoadBlock,6.921312,-1712660,RoadBlock,6.118436,-1712660,RoadBlock,1.084286,,,0,3.577998,0.001979389,False,False,0,0,False,True,66.94408,1,1,0
-1712660,RoadBlock,1.299666,-1712660,RoadBlock,1.319788,-1712660,RoadBlock,1.383384,-1712660,RoadBlock,7.819376,-1712726,Pavement (1),7.10704,-1712726,Pavement (1),5.969173,-1712726,Pavement (1),5.286855,-1712726,Pavement (1),4.879692,-1712726,Pavement (1),7.899891,-1712704,RoadBlock,9.587618,-1712704,RoadBlock,9.741441,,,0,,,0,,,0,,,0,,,0,,,0,,,0,,,0,,,0,,,0,,,0,,,0,,,0,,,0,,,0,,,0,,,0,-1712714,Pavement,7.901903,-1712714,Pavement,5.777664,-1712714,Pavement,6.262561,-1712714,Pavement,7.074106,-1712714,Pavement,8.426629,-1712660,RoadBlock,7.819584,-1712660,RoadBlock,1.383408,,,0,3.731399,0,False,False,0,0,False,True,66.9801,1,1,0
-1712660,RoadBlock,3.069876,-1712660,RoadBlock,3.116857,-1712660,RoadBlock,3.266169,-1712726,Pavement (1),9.149196,-1712726,Pavement (1),7.123632,-1712726,Pavement (1),5.984356,-1712726,Pavement (1),6.468983,-1712726,Pavement (1),9.440588,-1712704,RoadBlock,9.734484,-1712704,RoadBlock,9.590209,-1712704,RoadBlock,9.741022,,,0,,,0,,,0,,,0,,,0,,,0,,,0,,,0,,,0,,,0,,,0,,,0,,,0,,,0,,,0,,,0,,,0,,,0,-1712714,Pavement,9.480563,-1712714,Pavement,6.486214,-1712714,Pavement,7.08885,-1712714,Pavement,8.442911,,,0,-1712660,RoadBlock,3.267995,,,0,3.816745,0,False,False,0,0,False,True,66.75819,1,1,0
,,0,,,0,,,0,,,0,,,0,,,0,,,0,,,0,-1712704,RoadBlock,9.739731,-1712704,RoadBlock,9.592485,-1712704,RoadBlock,9.740254,,,0,,,0,,,0,,,0,,,0,,,0,,,0,,,0,,,0,,,0,,,0,,,0,,,0,,,0,,,0,,,0,,,0,,,0,,,0,,,0,,,0,,,0,,,0,,,0,,,0,3.91314,0,False,False,0,0,False,True,66.62289,1,1,0
,,0,,,0,,,0,,,0,,,0,,,0,,,0,,,0,-1712704,RoadBlock,9.743562,-1712704,RoadBlock,9.594029,-1712704,RoadBlock,9.739458,,,0,-1712726,Pavement (1),7.550912,-1712726,Pavement (1),5.994082,-1712726,Pavement (1),7.134676,-1712726,Pavement (1),9.163966,,,0,,,0,,,0,,,0,,,0,,,0,-1712714,Pavement,8.441155,-1712714,Pavement,7.090636,-1712714,Pavement,7.558498,,,0,,,0,,,0,,,0,,,0,,,0,,,0,,,0,,,0,,,0,,,0,4.471669,0,False,False,0,0,False,True,66.61501,1,1,0
,,0,,,0,,,0,,,0,,,0,,,0,,,0,,,0,-1712704,RoadBlock,9.743247,-1712704,RoadBlock,9.593842,-1712704,RoadBlock,9.739402,,,0,-1712726,Pavement (1),7.915892,-1712726,Pavement (1),6.164317,-1712726,Pavement (1),7.134982,-1712726,Pavement (1),9.164357,,,0,,,0,,,0,,,0,,,0,,,0,-1712714,Pavement,8.441677,-1712714,Pavement,7.091021,-1712714,Pavement,7.916604,,,0,,,0,,,0,,,0,,,0,,,0,,,0,,,0,,,0,,,0,,,0,4.973866,0.001979389,False,False,0,0,False,True,66.78404,1,1,0
,,0,,,0,,,0,,,0,,,0,,,0,,,0,,,0,-1712704,RoadBlock,9.740943,-1712704,RoadBlock,9.592788,-1712704,RoadBlock,9.739624,,,0,,,0,,,0,,,0,-1712726,Pavement (1),9.169477,,,0,,,0,,,0,,,0,,,0,,,0,,,0,,,0,,,0,,,0,,,0,,,0,,,0,,,0,,,0,,,0,,,0,,,0,,,0,,,0,5.262581,0,False,False,0,0,False,True,66.71062,1,1,0
,,0,,,0,,,0,,,0,,,0,,,0,,,0,,,0,-1712704,RoadBlock,9.739461,-1712704,RoadBlock,9.5921,-1712704,RoadBlock,9.739748,,,0,,,0,,,0,,,0,,,0,,,0,,,0,,,0,,,0,,,0,,,0,,,0,,,0,,,0,,,0,,,0,,,0,,,0,,,0,,,0,,,0,,,0,,,0,,,0,,,0,5.431149,0,False,False,0,0,False,True,66.72816,1,1,0
,,0,,,0,,,0,,,0,,,0,,,0,,,0,,,0,-1712704,RoadBlock,9.738693,-1712704,RoadBlock,9.591725,-1712704,RoadBlock,9.739771,,,0,,,0,,,0,,,0,,,0,,,0,,,0,,,0,,,0,,,0,,,0,,,0,,,0,,,0,,,0,,,0,,,0,,,0,,,0,,,0,,,0,,,0,,,0,,,0,,,0,5.641335,0,False,False,0,0,False,True,66.85582,1,1,0
,,0,,,0,,,0,,,0,,,0,,,0,,,0,,,0,-1712704,RoadBlock,9.738797,-1712704,RoadBlock,9.591743,-1712704,RoadBlock,9.739697,,,0,,,0,,,0,,,0,,,0,,,0,,,0,,,0,,,0,,,0,,,0,,,0,,,0,,,0,,,0,,,0,,,0,,,0,,,0,,,0,,,0,,,0,,,0,,,0,,,0,5.743209,0,False,False,0,0,False,True,66.92696,1,1,0
,,0,,,0,,,0,,,0,,,0,,,0,,,0,,,0,-1712704,RoadBlock,9.739117,-1712704,RoadBlock,9.591825,-1712704,RoadBlock,9.739532,,,0,,,0,,,0,,,0,,,0,,,0,,,0,,,0,,,0,,,0,,,0,,,0,,,0,,,0,,,0,,,0,,,0,,,0,,,0,,,0,,,0,,,0,,,0,,,0,,,0,6.049073,0.001979389,False,False,0,0,False,True,67.04556,1,1,0
,,0,,,0,,,0,,,0,,,0,,,0,,,0,,,0,-1712704,RoadBlock,9.739215,-1712704,RoadBlock,9.591823,-1712704,RoadBlock,9.739424,,,0,,,0,,,0,,,0,,,0,,,0,,,0,,,0,,,0,,,0,,,0,,,0,,,0,,,0,,,0,,,0,,,0,,,0,,,0,,,0,,,0,,,0,,,0,,,0,,,0,6.407257,0,False,False,0,0,False,True,67.28937,1,1,0
,,0,,,0,,,0,,,0,,,0,,,0,,,0,,,0,-1712704,RoadBlock,9.73912,-1712704,RoadBlock,9.591714,-1712704,RoadBlock,9.739295,,,0,,,0,,,0,,,0,,,0,,,0,,,0,,,0,,,0,,,0,,,0,,,0,,,0,,,0,,,0,,,0,,,0,,,0,,,0,,,0,,,0,,,0,,,0,,,0,,,0,6.584389,0,False,False,0,0,False,True,67.2316,1,1,0
,,0,,,0,,,0,,,0,,,0,,,0,,,0,,,0,-1712704,RoadBlock,9.738985,-1712704,RoadBlock,9.591603,-1712704,RoadBlock,9.739207,,,0,,,0,,,0,,,0,,,0,,,0,,,0,,,0,,,0,,,0,,,0,,,0,,,0,,,0,,,0,,,0,,,0,,,0,,,0,,,0,,,0,,,0,,,0,,,0,,,0,6.799378,0,False,False,0,0,False,True,67.20065,1,1,0
,,0,,,0,,,0,,,0,,,0,,,0,,,0,,,0,-1712704,RoadBlock,9.738778,-1712704,RoadBlock,9.591437,-1712704,RoadBlock,9.739078,,,0,,,0,,,0,,,0,,,0,,,0,,,0,,,0,,,0,,,0,,,0,,,0,,,0,,,0,,,0,,,0,,,0,,,0,,,0,,,0,,,0,,,0,,,0,,,0,,,0,7.000153,0.001979389,False,False,0,0,False,True,67.29823,1,1,0
,,0,,,0,,,0,,,0,,,0,,,0,,,0,,,0,-1712704,RoadBlock,9.738696,-1712704,RoadBlock,9.591338,-1712704,RoadBlock,9.73896,,,0,,,0,,,0,,,0,,,0,,,0,,,0,,,0,,,0,,,0,,,0,,,0,,,0,,,0,,,0,,,0,,,0,,,0,,,0,,,0,,,0,,,0,,,0,,,0,,,0,7.200872,0,False,False,0,0,False,True,67.34956,1,1,0
,,0,,,0,,,0,,,0,,,0,,,0,,,0,,,0,-1712704,RoadBlock,9.738518,-1712704,RoadBlock,9.591208,-1712704,RoadBlock,9.738873,,,0,,,0,,,0,,,0,,,0,,,0,,,0,,,0,,,0,,,0,,,0,,,0,,,0,,,0,,,0,,,0,,,0,,,0,,,0,,,0,,,0,,,0,,,0,,,0,,,0,7.593079,0,False,False,0,0,False,True,67.45391,1,1,0
,,0,,,0,,,0,,,0,,,0,,,0,,,0,,,0,-1712704,RoadBlock,9.738477,-1712704,RoadBlock,9.591125,-1712704,RoadBlock,9.738746,,,0,,,0,,,0,,,0,,,0,,,0,,,0,,,0,,,0,,,0,,,0,,,0,,,0,,,0,,,0,,,0,,,0,,,0,,,0,,,0,,,0,,,0,,,0,,,0,,,0,7.817005,0.001979389,False,False,0,0,False,True,67.52465,1,1,0
,,0,,,0,,,0,,,0,,,0,,,0,,,0,,,0,-1712704,RoadBlock,9.738308,-1712704,RoadBlock,9.59097,-1712704,RoadBlock,9.738598,,,0,,,0,,,0,,,0,,,0,,,0,,,0,,,0,,,0,,,0,,,0,,,0,,,0,,,0,,,0,,,0,,,0,,,0,,,0,,,0,,,0,,,0,,,0,,,0,,,0,8.135468,0,False,False,0,0,False,True,67.70806,1,1,0
,,0,,,0,,,0,,,0,,,0,,,0,,,0,,,0,-1712704,RoadBlock,9.738187,-1712704,RoadBlock,9.590856,-1712704,RoadBlock,9.738487,,,0,,,0,,,0,,,0,,,0,,,0,,,0,,,0,,,0,,,0,,,0,,,0,,,0,,,0,,,0,,,0,,,0,,,0,,,0,,,0,,,0,,,0,,,0,,,0,,,0,8.511522,0,False,False,0,0,False,True,68.05694,1,1,0
,,0,,,0,,,0,,,0,,,0,,,0,,,0,,,0,-1712704,RoadBlock,9.738008,-1712704,RoadBlock,9.590679,-1712704,RoadBlock,9.738308,,,0,,,0,,,0,,,0,,,0,,,0,,,0,,,0,,,0,,,0,,,0,,,0,,,0,,,0,,,0,,,0,,,0,,,0,,,0,,,0,,,0,,,0,,,0,,,0,,,0,8.678008,0,False,False,0,0,False,True,68.10284,1,1,0
,,0,,,0,,,0,,,0,,,0,,,0,,,0,,,0,-1712704,RoadBlock,9.737888,-1712704,RoadBlock,9.59056,-1712704,RoadBlock,9.738185,,,0,,,0,,,0,,,0,,,0,,,0,,,0,,,0,,,0,,,0,,,0,,,0,,,0,,,0,,,0,,,0,,,0,,,0,,,0,,,0,,,0,,,0,,,0,,,0,,,0,8.8522,0,False,False,0,0,False,True,68.2368,1,1,0
,,0,,,0,,,0,,,0,,,0,,,0,,,0,,,0,-1712704,RoadBlock,9.737706,-1712704,RoadBlock,9.590381,-1712704,RoadBlock,9.738002,,,0,,,0,,,0,,,0,,,0,,,0,,,0,,,0,,,0,,,0,,,0,,,0,,,0,,,0,,,0,,,0,,,0,,,0,,,0,,,0,,,0,,,0,,,0,,,0,,,0,9.065515,0,False,False,0,0,False,True,68.56853,1,1,0
,,0,,,0,,,0,,,0,,,0,,,0,,,0,,,0,-1712704,RoadBlock,9.737584,-1712704,RoadBlock,9.590261,-1712704,RoadBlock,9.737883,,,0,,,0,,,0,,,0,,,0,,,0,,,0,,,0,,,0,,,0,,,0,,,0,,,0,,,0,,,0,,,0,,,0,,,0,,,0,,,0,,,0,,,0,,,0,,,0,,,0,9.381666,0,False,False,0,0,False,True,69.01553,1,1,0
,,0,,,0,,,0,,,0,,,0,,,0,,,0,,,0,-1712704,RoadBlock,9.7374,-1712704,RoadBlock,9.590084,-1712704,RoadBlock,9.737706,,,0,,,0,,,0,,,0,,,0,,,0,,,0,,,0,,,0,,,0,,,0,,,0,,,0,,,0,,,0,,,0,,,0,,,0,,,0,,,0,,,0,,,0,,,0,,,0,,,0,9.556963,0.001979389,False,False,0,0,False,True,69.12933,1,1,0
,,0,,,0,,,0,,,0,,,0,,,0,,,0,,,0,-1712704,RoadBlock,9.737279,-1712704,RoadBlock,9.589967,-1712704,RoadBlock,9.737588,,,0,,,0,,,0,,,0,,,0,,,0,,,0,,,0,,,0,,,0,,,0,,,0,,,0,,,0,,,0,,,0,,,0,,,0,,,0,,,0,,,0,,,0,,,0,,,0,,,0,9.731518,0,False,False,0,0,False,True,69.2832,1,1,0
,,0,,,0,,,0,,,0,,,0,,,0,,,0,,,0,-1712704,RoadBlock,9.737099,-1712704,RoadBlock,9.58979,-1712704,RoadBlock,9.73741,,,0,,,0,,,0,,,0,,,0,,,0,,,0,,,0,,,0,,,0,,,0,,,0,,,0,,,0,,,0,,,0,,,0,,,0,,,0,,,0,,,0,,,0,,,0,,,0,,,0,9.970472,0,False,False,0,0,False,True,69.61028,1,1,0
,,0,,,0,,,0,,,0,,,0,,,0,,,0,,,0,-1712704,RoadBlock,9.736962,-1712704,RoadBlock,9.589657,-1712704,RoadBlock,9.737274,,,0,,,0,,,0,,,0,,,0,,,0,,,0,,,0,,,0,,,0,,,0,,,0,,,0,,,0,,,0,,,0,,,0,,,0,,,0,,,0,,,0,,,0,,,0,,,0,,,0,10.25119,0,False,False,0,0,False,True,70.05744,1,1,0
,,0,,,0,,,0,,,0,,,0,,,0,,,0,,,0,-1712704,RoadBlock,9.736733,-1712704,RoadBlock,9.589434,-1712704,RoadBlock,9.737049,,,0,,,0,,,0,,,0,,,0,,,0,,,0,,,0,,,0,,,0,,,0,,,0,,,0,,,0,,,0,,,0,,,0,,,0,,,0,,,0,,,0,,,0,,,0,,,0,,,0,10.42344,0,False,False,0,0,False,True,70.13171,1,1,0
,,0,,,0,,,0,,,0,,,0,,,0,,,0,,,0,-1712704,RoadBlock,9.736583,-1712704,RoadBlock,9.589285,-1712704,RoadBlock,9.736897,,,0,,,0,,,0,,,0,,,0,,,0,,,0,,,0,,,0,,,0,,,0,,,0,,,0,,,0,,,0,,,0,,,0,,,0,,,0,,,0,,,0,,,0,,,0,,,0,,,0,10.59537,0,False,False,0,0,False,True,70.24379,1,1,0
,,0,,,0,,,0,,,0,,,0,,,0,,,0,,,0,-1712704,RoadBlock,9.736356,-1712704,RoadBlock,9.589062,-1712704,RoadBlock,9.736671,,,0,,,0,,,0,,,0,,,0,,,0,,,0,,,0,,,0,,,0,,,0,,,0,,,0,,,0,,,0,,,0,,,0,,,0,,,0,,,0,,,0,,,0,,,0,,,0,,,0,10.84966,0,False,False,0,0,False,True,70.54785,1,1,0
,,0,,,0,,,0,,,0,,,0,,,0,,,0,,,0,-1712704,RoadBlock,9.736204,-1712704,RoadBlock,9.588913,-1712704,RoadBlock,9.736521,,,0,,,0,,,0,,,0,,,0,,,0,,,0,,,0,,,0,,,0,,,0,,,0,,,0,,,0,,,0,,,0,,,0,,,0,,,0,,,0,,,0,,,0,,,0,,,0,,,0,11.02207,0,False,False,0,0,False,True,70.76576,1,1,0
,,0,,,0,,,0,,,0,,,0,,,0,,,0,,,0,-1712704,RoadBlock,9.743527,-1712704,RoadBlock,9.592383,-1712704,RoadBlock,9.736243,,,0,,,0,,,0,,,0,,,0,,,0,,,0,,,0,,,0,,,0,,,0,,,0,,,0,,,0,,,0,,,0,,,0,,,0,,,0,,,0,,,0,,,0,,,0,,,0,,,0,11.27528,0.01083541,False,False,0,0,False,True,71.1143,1,1,-0.175523
,,0,,,0,,,0,,,0,,,0,,,0,,,0,,,0,-1712704,RoadBlock,9.762154,-1712704,RoadBlock,9.601869,-1712704,RoadBlock,9.736905,,,0,,,0,,,0,,,0,,,0,,,0,,,0,,,0,,,0,,,0,,,0,,,0,,,0,,,0,,,0,,,0,,,0,,,0,,,0,,,0,,,0,,,0,,,0,,,0,,,0,11.50806,0.04083087,False,False,0,0,False,True,71.6338,1,1,-0.3392493
,,0,,,0,,,0,,,0,,,0,,,0,,,0,,,0,-1712704,RoadBlock,9.819208,-1712704,RoadBlock,9.633253,-1712704,RoadBlock,9.743835,,,0,,,0,,,0,,,0,,,0,,,0,,,0,,,0,,,0,,,0,,,0,,,0,,,0,,,0,,,0,,,0,,,0,,,0,,,0,,,0,,,0,,,0,,,0,,,0,,,0,11.6678,0.1241756,False,False,0,0,False,True,71.79054,1,1,-0.2197728
,,0,,,0,,,0,,,0,,,0,,,0,,,0,,,0,-1712704,RoadBlock,9.867609,-1712704,RoadBlock,9.662404,-1712704,RoadBlock,9.755,,,0,,,0,,,0,,,0,,,0,,,0,,,0,,,0,,,0,,,0,,,0,,,0,,,0,,,0,,,0,,,0,,,0,,,0,,,0,,,0,,,0,,,0,,,0,,,0,,,0,11.83684,0.1855831,False,False,0,0,False,True,72.03323,1,1,-0.05746107
,,0,,,0,,,0,,,0,,,0,,,0,,,0,,,0,-1712704,RoadBlock,9.936336,-1712704,RoadBlock,9.708697,-1712704,RoadBlock,9.780886,,,0,,,0,,,0,,,0,,,0,,,0,,,0,,,0,,,0,,,0,,,0,,,0,,,0,,,0,,,0,,,0,,,0,,,0,,,0,,,0,,,0,,,0,,,0,,,0,,,0,12.0884,0.2554054,False,False,0,0,False,True,72.53193,1,1,0
,,0,,,0,,,0,,,0,,,0,,,0,,,0,,,0,-1712704,RoadBlock,9.979347,-1712704,RoadBlock,9.740514,-1712704,RoadBlock,9.802847,,,0,,,0,,,0,,,0,,,0,,,0,,,0,,,0,,,0,,,0,,,0,,,0,,,0,,,0,,,0,,,0,,,0,,,0,,,0,,,0,,,0,,,0,,,0,,,0,,,0,12.33791,0.2891711,False,False,0,0,False,True,73.14406,1,1,0
,,0,,,0,,,0,,,0,,,0,,,0,,,0,,,0,,,0,-1712704,RoadBlock,9.7898,-1712704,RoadBlock,9.841199,,,0,,,0,,,0,,,0,,,0,,,0,,,0,,,0,,,0,,,0,,,0,,,0,,,0,,,0,,,0,,,0,,,0,,,0,,,0,,,0,,,0,,,0,,,0,,,0,,,0,12.5035,0.3266688,False,False,0,0,False,True,73.37154,1,1,0
,,0,,,0,,,0,,,0,,,0,,,0,,,0,,,0,,,0,-1712704,RoadBlock,9.823672,-1712704,RoadBlock,9.869657,,,0,,,0,,,0,,,0,,,0,,,0,,,0,,,0,,,0,,,0,,,0,,,0,,,0,,,0,,,0,,,0,,,0,,,0,,,0,,,0,,,0,,,0,,,0,,,0,,,0,12.66841,0.3452592,False,False,0,0,False,True,73.63503,1,1,0
,,0,,,0,,,0,,,0,,,0,,,0,,,0,,,0,,,0,-1712704,RoadBlock,9.870478,-1712704,RoadBlock,9.914463,,,0,,,0,,,0,,,0,,,0,,,0,,,0,,,0,,,0,,,0,,,0,,,0,,,0,,,0,,,0,,,0,,,0,,,0,,,0,,,0,,,0,,,0,,,0,,,0,,,0,12.90902,0.3526208,False,False,0,0,False,True,74.12266,1,1,0.1658826
,,0,,,0,,,0,,,0,,,0,,,0,,,0,,,0,,,0,-1712704,RoadBlock,9.892627,-1712704,RoadBlock,9.943193,,,0,,,0,,,0,,,0,,,0,,,0,,,0,,,0,,,0,,,0,,,0,,,0,,,0,,,0,,,0,,,0,,,0,,,0,,,0,,,0,,,0,,,0,,,0,,,0,,,0,13.05859,0.3312341,False,False,0,0,False,True,74.44178,1,1,0.2812423
,,0,,,0,,,0,,,0,,,0,,,0,,,0,,,0,,,0,-1712704,RoadBlock,9.912687,-1712704,RoadBlock,9.98203,,,0,,,0,,,0,,,0,,,0,,,0,,,0,,,0,,,0,,,0,,,0,,,0,,,0,,,0,,,0,,,0,,,0,,,0,,,0,,,0,,,0,,,0,,,0,,,0,,,0,13.29388,0.2698211,False,False,0,0,False,True,74.94018,1,1,0.1198846
,,0,,,0,,,0,,,0,,,0,,,0,,,0,,,0,,,0,-1712704,RoadBlock,9.923653,-1712704,RoadBlock,10.00527,,,0,,,0,,,0,,,0,,,0,,,0,,,0,,,0,,,0,,,0,,,0,,,0,,,0,,,0,,,0,,,0,,,0,,,0,,,0,,,0,,,0,,,0,,,0,,,0,,,0,13.45626,0.2298318,False,False,0,0,False,True,75.17786,1,1,0
,,0,,,0,,,0,,,0,,,0,,,0,,,0,,,0,,,0,-1712704,RoadBlock,9.940594,,,0,,,0,,,0,,,0,,,0,,,0,,,0,,,0,,,0,,,0,,,0,,,0,,,0,,,0,,,0,,,0,,,0,,,0,,,0,,,0,,,0,,,0,,,0,,,0,,,0,,,0,13.4946,0.1843673,False,False,0,0,False,True,75.67123,1,1,0
,,0,,,0,,,0,,,0,,,0,,,0,,,0,,,0,,,0,-1712704,RoadBlock,9.951612,,,0,,,0,,,0,,,0,,,0,,,0,,,0,,,0,,,0,,,0,,,0,,,0,,,0,,,0,,,0,,,0,,,0,,,0,,,0,,,0,,,0,,,0,,,0,,,0,,,0,,,0,13.49513,0.161508,False,False,0,0,False,True,76.3145,1,1,0
,,0,,,0,,,0,,,0,,,0,,,0,,,0,,,0,,,0,-1712704,RoadBlock,9.967366,,,0,,,0,,,0,,,0,,,0,,,0,,,0,,,0,,,0,,,0,,,0,,,0,,,0,,,0,,,0,,,0,,,0,,,0,,,0,,,0,,,0,,,0,,,0,,,0,,,0,,,0,13.49525,0.1353648,False,False,0,0,False,True,76.5276,1,1,0
,,0,,,0,,,0,,,0,,,0,,,0,,,0,,,0,,,0,-1712704,RoadBlock,9.977327,,,0,,,0,,,0,,,0,,,0,,,0,,,0,,,0,,,0,,,0,,,0,,,0,,,0,,,0,,,0,,,0,,,0,,,0,,,0,,,0,,,0,,,0,,,0,,,0,,,0,,,0,13.49532,0.1220773,False,False,0,0,False,True,76.80299,1,1,0
,,0,,,0,,,0,,,0,,,0,,,0,,,0,,,0,,,0,-1712704,RoadBlock,9.991453,,,0,,,0,,,0,,,0,,,0,,,0,,,0,,,0,,,0,,,0,,,0,,,0,,,0,,,0,,,0,,,0,,,0,,,0,,,0,,,0,,,0,,,0,,,0,,,0,,,0,,,0,13.49537,0.1067531,False,False,0,0,False,True,77.37722,1,1,0
,,0,,,0,,,0,,,0,,,0,,,0,,,0,,,0,,,0,-1712704,RoadBlock,10.00038,,,0,,,0,,,0,,,0,,,0,,,0,,,0,,,0,,,0,,,0,,,0,,,0,,,0,,,0,,,0,,,0,,,0,,,0,,,0,,,0,,,0,,,0,,,0,,,0,,,0,,,0,13.49538,0.09889431,False,False,0,0,False,True,77.7389,1,1,0
,,0,,,0,,,0,,,0,,,0,,,0,,,0,,,0,,,0,-1712704,RoadBlock,10.01307,,,0,,,0,,,0,,,0,,,0,,,0,,,0,,,0,,,0,,,0,,,0,,,0,,,0,,,0,,,0,,,0,,,0,,,0,,,0,,,0,,,0,,,0,,,0,,,0,,,0,,,0,13.49538,0.08981016,False,False,0,0,False,True,78.35908,1,1,0
,,0,,,0,,,0,,,0,,,0,,,0,,,0,,,0,,,0,,,0,,,0,,,0,,,0,,,0,,,0,,,0,,,0,,,0,,,0,,,0,,,0,,,0,,,0,,,0,,,0,,,0,,,0,-1712694,RoadBlock,10.01093,,,0,,,0,,,0,,,0,,,0,,,0,,,0,,,0,13.49538,0.08511098,False,False,0,0,False,True,79.08408,1,1,0
,,0,,,0,,,0,,,0,,,0,,,0,,,0,,,0,,,0,,,0,,,0,,,0,,,0,,,0,,,0,,,0,,,0,,,0,,,0,,,0,,,0,,,0,,,0,,,0,,,0,,,0,,,0,-1712694,RoadBlock,9.999071,,,0,,,0,,,0,,,0,,,0,,,0,,,0,,,0,13.49538,0.07969738,False,False,0,0,False,True,79.37457,1,1,0
,,0,,,0,,,0,,,0,,,0,,,0,,,0,,,0,,,0,,,0,,,0,,,0,,,0,,,0,,,0,,,0,,,0,,,0,,,0,,,0,,,0,,,0,,,0,,,0,,,0,,,0,,,0,-1712694,RoadBlock,9.991509,,,0,,,0,,,0,,,0,,,0,,,0,,,0,,,0,13.49538,0.07687241,False,False,0,0,False,True,79.70514,1,1,0
,,0,,,0,,,0,,,0,,,0,,,0,,,0,,,0,,,0,,,0,,,0,,,0,,,0,,,0,,,0,,,0,,,0,,,0,,,0,,,0,,,0,,,0,,,0,,,0,,,0,,,0,,,0,-1712694,RoadBlock,9.980602,,,0,,,0,,,0,,,0,,,0,,,0,,,0,,,0,13.49538,0.07364856,False,False,0,0,False,True,80.32009,1,1,0
,,0,,,0,,,0,,,0,,,0,,,0,,,0,,,0,,,0,,,0,,,0,,,0,,,0,,,0,,,0,,,0,,,0,,,0,,,0,,,0,,,0,,,0,,,0,,,0,,,0,,,0,,,0,-1712694,RoadBlock,9.973903,,,0,,,0,,,0,,,0,,,0,,,0,,,0,,,0,13.49511,0.07063781,False,False,0,0,False,True,80.61786,1,1,0.09941772
,,0,,,0,,,0,,,0,,,0,,,0,,,0,,,0,,,0,,,0,,,0,,,0,,,0,,,0,,,0,,,0,,,0,,,0,,,0,,,0,,,0,,,0,,,0,,,0,,,0,,,0,,,0,-1712694,RoadBlock,9.965541,,,0,,,0,,,0,,,0,,,0,,,0,,,0,,,0,13.49534,0.06252629,False,False,0,0,False,True,81.14491,1,1,0
,,0,,,0,,,0,,,0,,,0,,,0,,,0,,,0,,,0,,,0,,,0,,,0,,,0,,,0,,,0,,,0,,,0,,,0,,,0,,,0,,,0,,,0,,,0,,,0,,,0,,,0,,,0,-1712694,RoadBlock,9.960342,,,0,,,0,,,0,,,0,,,0,,,0,,,0,,,0,13.49537,0.05801426,False,False,0,0,False,True,81.47176,1,1,0
,,0,,,0,,,0,,,0,,,0,,,0,,,0,,,0,,,0,,,0,,,0,,,0,,,0,,,0,,,0,,,0,,,0,,,0,,,0,,,0,,,0,,,0,,,0,,,0,,,0,,,0,,,0,-1712694,RoadBlock,9.95297,,,0,,,0,,,0,,,0,,,0,,,0,,,0,,,0,13.49538,0.05274955,False,False,0,0,False,True,81.99972,1,1,0
,,0,,,0,,,0,,,0,,,0,,,0,,,0,,,0,,,0,,,0,,,0,,,0,,,0,,,0,,,0,,,0,,,0,,,0,,,0,,,0,,,0,,,0,,,0,,,0,,,0,,,0,,,0,-1712694,RoadBlock,9.948277,,,0,,,0,,,0,,,0,,,0,,,0,,,0,,,0,13.49538,0.05004616,False,False,0,0,False,True,82.32788,1,1,0
,,0,,,0,,,0,,,0,,,0,,,0,,,0,,,0,,,0,,,0,,,0,,,0,,,0,,,0,,,0,,,0,,,0,,,0,,,0,,,0,,,0,,,0,,,0,,,0,,,0,,,0,,,0,-1712694,RoadBlock,9.941529,,,0,,,0,,,0,,,0,,,0,,,0,,,0,,,0,13.49538,0.04693979,False,False,0,0,False,True,82.88499,1,1,0
,,0,,,0,,,0,,,0,,,0,,,0,,,0,,,0,,,0,,,0,,,0,,,0,,,0,,,0,,,0,,,0,,,0,,,0,,,0,,,0,,,0,,,0,,,0,,,0,,,0,,,0,,,0,-1712694,RoadBlock,9.937199,,,0,,,0,,,0,,,0,,,0,,,0,,,0,,,0,13.49538,0.04528415,False,False,0,0,False,True,83.57907,1,1,0
,,0,,,0,,,0,,,0,,,0,,,0,,,0,,,0,,,0,,,0,,,0,,,0,,,0,,,0,,,0,,,0,,,0,,,0,,,0,,,0,,,0,,,0,,,0,,,0,,,0,,,0,,,0,-1712694,RoadBlock,9.930899,,,0,,,0,,,0,,,0,,,0,,,0,,,0,,,0,13.49538,0.04343181,False,False,0,0,False,True,83.81846,1,1,0
,,0,,,0,,,0,,,0,,,0,,,0,,,0,,,0,,,0,,,0,,,0,,,0,,,0,,,0,,,0,,,0,,,0,,,0,,,0,,,0,,,0,,,0,,,0,,,0,,,0,,,0,,,0,-1712694,RoadBlock,9.926803,,,0,,,0,,,0,,,0,,,0,,,0,,,0,,,0,13.49538,0.04247558,False,False,0,0,False,True,84.23631,1,1,0
,,0,,,0,,,0,,,0,,,0,,,0,,,0,,,0,,,0,,,0,,,0,,,0,,,0,,,0,,,0,,,0,,,0,,,0,,,0,,,0,,,0,,,0,,,0,,,0,,,0,,,0,,,0,-1712694,RoadBlock,9.920801,,,0,,,0,,,0,,,0,,,0,,,0,,,0,,,0,13.49538,0.04135406,False,False,0,0,False,True,84.88387,1,1,0
,,0,,,0,,,0,,,0,,,0,,,0,,,0,,,0,,,0,,,0,,,0,,,0,,,0,,,0,,,0,,,0,,,0,,,0,,,0,,,0,,,0,,,0,,,0,,,0,,,0,,,0,,,0,-1712694,RoadBlock,9.916878,,,0,,,0,,,0,,,0,,,0,,,0,,,0,,,0,13.49538,0.04078306,False,False,0,0,False,True,85.62465,1,1,0
,,0,,,0,,,0,,,0,,,0,,,0,,,0,,,0,,,0,,,0,,,0,,,0,,,0,,,0,,,0,,,0,,,0,,,0,,,0,,,0,,,0,,,0,,,0,,,0,,,0,,,0,,,0,-1712694,RoadBlock,9.911079,,,0,,,0,,,0,,,0,,,0,,,0,,,0,,,0,13.49538,0.04005633,False,False,0,0,False,True,85.94466,1,1,0
,,0,,,0,,,0,,,0,,,0,,,0,,,0,,,0,,,0,,,0,,,0,,,0,,,0,,,0,,,0,,,0,,,0,,,0,,,0,,,0,,,0,,,0,,,0,,,0,,,0,,,0,,,0,-1712694,RoadBlock,9.907267,,,0,,,0,,,0,,,0,,,0,,,0,,,0,,,0,13.49538,0.03971345,False,False,0,0,False,True,86.29607,1,1,0
,,0,,,0,,,0,,,0,,,0,,,0,,,0,,,0,,,0,,,0,,,0,,,0,,,0,,,0,,,0,,,0,,,0,,,0,,,0,,,0,,,0,,,0,,,0,,,0,,,0,,,0,,,0,-1712694,RoadBlock,9.901953,,,0,,,0,,,0,,,0,,,0,,,0,,,0,,,0,13.49511,0.0379499,False,False,0,0,False,True,86.90026,1,1,0.04946271
,,0,,,0,,,0,,,0,,,0,,,0,,,0,,,0,,,0,,,0,,,0,,,0,,,0,,,0,,,0,,,0,,,0,,,0,,,0,,,0,,,0,,,0,,,0,,,0,,,0,,,0,,,0,-1712694,RoadBlock,9.898958,,,0,,,0,,,0,,,0,,,0,,,0,,,0,,,0,13.49535,0.03549922,False,False,0,0,False,True,87.591,1,1,0
,,0,,,0,,,0,,,0,,,0,,,0,,,0,,,0,,,0,,,0,,,0,,,0,,,0,,,0,,,0,,,0,,,0,,,0,,,0,,,0,,,0,,,0,,,0,,,0,,,0,,,0,,,0,-1712694,RoadBlock,9.894577,,,0,,,0,,,0,,,0,,,0,,,0,,,0,,,0,13.49537,0.03262645,False,False,0,0,False,True,87.84795,1,1,0
,,0,,,0,,,0,,,0,,,0,,,0,,,0,,,0,,,0,,,0,,,0,,,0,,,0,,,0,,,0,,,0,,,0,,,0,,,0,,,0,,,0,,,0,,,0,,,0,,,0,,,0,,,0,-1712694,RoadBlock,9.891768,,,0,,,0,,,0,,,0,,,0,,,0,,,0,,,0,13.49538,0.03115386,False,False,0,0,False,True,88.14257,1,1,0
,,0,,,0,,,0,,,0,,,0,,,0,,,0,,,0,,,0,,,0,,,0,,,0,,,0,,,0,,,0,,,0,,,0,,,0,,,0,,,0,,,0,,,0,,,0,,,0,,,0,,,0,,,0,-1712694,RoadBlock,9.887668,,,0,,,0,,,0,,,0,,,0,,,0,,,0,,,0,13.49538,0.029475,False,False,0,0,False,True,88.70543,1,1,0
,,0,,,0,,,0,,,0,,,0,,,0,,,0,,,0,,,0,,,0,,,0,,,0,,,0,,,0,,,0,,,0,,,0,,,0,,,0,,,0,,,0,,,0,,,0,,,0,,,0,,,0,,,0,-1712694,RoadBlock,9.884995,,,0,,,0,,,0,,,0,,,0,,,0,,,0,,,0,13.49538,0.02853107,False,False,0,0,False,True,89.40136,1,1,0
,,0,,,0,,,0,,,0,,,0,,,0,,,0,,,0,,,0,,,0,,,0,,,0,,,0,,,0,,,0,,,0,,,0,,,0,,,0,,,0,,,0,,,0,,,0,,,0,,,0,,,0,,,0,-1712694,RoadBlock,9.881088,,,0,,,0,,,0,,,0,,,0,,,0,,,0,,,0,13.49538,0.02755435,False,False,0,0,False,True,89.67191,1,1,0
,,0,,,0,,,0,,,0,,,0,,,0,,,0,,,0,,,0,,,0,,,0,,,0,,,0,,,0,,,0,,,0,,,0,,,0,,,0,,,0,,,0,,,0,,,0,,,0,,,0,,,0,,,0,-1712694,RoadBlock,9.878526,,,0,,,0,,,0,,,0,,,0,,,0,,,0,,,0,13.49538,0.02705301,False,False,0,0,False,True,90.0077,1,1,0
,,0,,,0,,,0,,,0,,,0,,,0,,,0,,,0,,,0,,,0,,,0,,,0,,,0,,,0,,,0,,,0,,,0,,,0,,,0,,,0,,,0,,,0,,,0,,,0,,,0,,,0,,,0,-1712694,RoadBlock,9.878527,,,0,,,0,,,0,,,0,,,0,,,0,,,0,,,0,13.49238,0.01297326,False,False,0,0,False,True,90.63173,1,1,0.1706919
,,0,,,0,,,0,,,0,,,0,,,0,,,0,,,0,,,0,,,0,,,0,,,0,,,0,,,0,,,0,,,0,,,0,,,0,,,0,,,0,,,0,,,0,,,0,,,0,,,0,,,0,,,0,-1712694,RoadBlock,9.886142,,,0,,,0,,,0,,,0,,,0,,,0,,,0,,,0,13.48697,0.01876799,False,False,0,0,False,True,91.06319,1,1,0.2849828
,,0,,,0,,,0,,,0,,,0,,,0,,,0,,,0,,,0,,,0,,,0,,,0,,,0,,,0,,,0,,,0,,,0,,,0,,,0,,,0,,,0,,,0,,,0,,,0,,,0,,,0,,,0,-1712694,RoadBlock,9.911486,,,0,,,0,,,0,,,0,,,0,,,0,,,0,,,0,13.49275,0.09285232,False,False,0,0,False,True,91.73997,1,1,0.1218451
,,0,,,0,,,0,,,0,,,0,,,0,,,0,,,0,,,0,,,0,,,0,,,0,,,0,,,0,,,0,,,0,,,0,,,0,,,0,,,0,,,0,,,0,,,0,,,0,,,0,,,0,,,0,-1712694,RoadBlock,9.933125,,,0,,,0,,,0,,,0,,,0,,,0,,,0,,,0,13.494,0.1389315,False,False,0,0,False,True,92.50523,1,1,0
,,0,,,0,,,0,,,0,,,0,,,0,,,0,,,0,,,0,,,0,,,0,,,0,,,0,,,0,,,0,,,0,,,0,,,0,,,0,,,0,,,0,,,0,,,0,,,0,,,0,,,0,,,0,-1712694,RoadBlock,9.967832,,,0,,,0,,,0,,,0,,,0,,,0,,,0,,,0,13.49477,0.1910499,False,False,0,0,False,True,92.84044,1,1,0
,,0,,,0,,,0,,,0,,,0,,,0,,,0,,,0,,,0,,,0,,,0,,,0,,,0,,,0,,,0,,,0,,,0,,,0,,,0,,,0,,,0,,,0,,,0,,,0,,,0,,,0,,,0,-1712694,RoadBlock,9.992308,,,0,,,0,,,0,,,0,,,0,,,0,,,0,,,0,13.49511,0.2172956,False,False,0,0,False,True,93.20851,1,1,0
,,0,,,0,,,0,,,0,,,0,,,0,,,0,,,0,,,0,,,0,,,0,,,0,,,0,,,0,,,0,,,0,,,0,,,0,,,0,,,0,,,0,,,0,,,0,,,0,,,0,,,0,,,0,,,0,,,0,,,0,,,0,,,0,,,0,,,0,,,0,,,0,13.49531,0.2473075,False,False,0,0,False,True,93.83597,1,1,0
,,0,,,0,,,0,,,0,,,0,,,0,,,0,,,0,,,0,-1712704,RoadBlock,9.993676,,,0,,,0,,,0,,,0,,,0,,,0,,,0,,,0,,,0,,,0,,,0,,,0,,,0,,,0,,,0,,,0,,,0,,,0,,,0,,,0,,,0,,,0,,,0,,,0,,,0,,,0,13.49536,0.2625552,False,False,0,0,False,True,94.55363,1,1,0
,,0,,,0,,,0,,,0,,,0,,,0,,,0,,,0,,,0,-1712704,RoadBlock,9.955754,,,0,,,0,,,0,,,0,,,0,,,0,,,0,,,0,,,0,,,0,,,0,,,0,,,0,,,0,,,0,,,0,,,0,,,0,,,0,,,0,,,0,,,0,,,0,,,0,,,0,,,0,13.49538,0.2801566,False,False,0,0,False,True,94.82404,1,1,0
,,0,,,0,,,0,,,0,,,0,,,0,,,0,,,0,-1712704,RoadBlock,9.993891,-1712704,RoadBlock,9.929493,,,0,,,0,,,0,,,0,,,0,,,0,,,0,,,0,,,0,,,0,,,0,,,0,,,0,,,0,,,0,,,0,,,0,,,0,,,0,,,0,,,0,,,0,,,0,,,0,-1712858,hole,9.071898,,,0,13.49538,0.2891574,False,False,0,0,False,True,95.12764,1,1,0
,,0,,,0,,,0,,,0,,,0,,,0,,,0,,,0,-1712704,RoadBlock,9.949786,-1712704,RoadBlock,9.888819,,,0,,,0,,,0,,,0,,,0,,,0,,,0,,,0,,,0,,,0,,,0,,,0,,,0,,,0,,,0,,,0,,,0,,,0,,,0,,,0,,,0,,,0,,,0,,,0,-1712858,hole,8.255961,,,0,13.49538,0.299598,False,False,0,0,False,True,95.69555,1,1,0
,,0,,,0,,,0,,,0,,,0,,,0,,,0,,,0,-1712704,RoadBlock,9.920164,-1712704,RoadBlock,9.860991,,,0,,,0,,,0,,,0,,,0,,,0,,,0,,,0,,,0,,,0,,,0,,,0,,,0,,,0,,,0,,,0,,,0,,,0,,,0,,,0,,,0,,,0,,,0,,,0,-1712858,hole,7.908113,,,0,13.49538,0.3049611,False,False,0,0,False,True,96.06353,1,1,0
,,0,,,0,,,0,,,0,,,0,,,0,,,0,,,0,-1712880,RoadBlock,9.875412,-1712704,RoadBlock,9.818372,,,0,,,0,,,0,,,0,,,0,,,0,,,0,,,0,,,0,,,0,,,0,,,0,,,0,,,0,,,0,,,0,,,0,,,0,,,0,,,0,,,0,,,0,,,0,,,0,,,0,,,0,13.49535,0.3111821,False,False,0,0,False,True,96.66381,1,1,0
,,0,,,0,,,0,,,0,,,0,,,0,,,0,,,0,-1712880,RoadBlock,9.845394,-1712704,RoadBlock,9.789482,,,0,,,0,,,0,,,0,,,0,,,0,,,0,,,0,,,0,,,0,,,0,,,0,,,0,,,0,,,0,,,0,,,0,,,0,,,0,,,0,,,0,,,0,,,0,,,0,,,0,,,0,13.49537,0.3143799,False,False,0,0,False,True,97.40337,1,1,0
,,0,,,0,,,0,,,0,,,0,,,0,,,0,,,0,-1712880,RoadBlock,9.800086,-1712704,RoadBlock,9.745535,-1712704,RoadBlock,9.992619,,,0,,,0,,,0,,,0,,,0,,,0,,,0,,,0,,,0,,,0,,,0,,,0,,,0,,,0,,,0,,,0,,,0,,,0,,,0,,,0,,,0,,,0,,,0,,,0,,,0,13.49538,0.3180942,False,False,0,0,False,True,97.7246,1,1,0
,,0,,,0,,,0,,,0,,,0,,,0,,,0,,,0,-1712880,RoadBlock,9.772366,-1712880,RoadBlock,9.716941,-1712704,RoadBlock,9.962212,,,0,,,0,,,0,,,0,,,0,,,0,,,0,,,0,,,0,,,0,,,0,,,0,,,0,,,0,,,0,,,0,,,0,,,0,,,0,,,0,,,0,,,0,,,0,,,0,,,0,13.49409,0.3146108,False,False,0,0,False,True,98.11094,1,1,-0.1672052
,,0,,,0,,,0,,,0,,,0,,,0,,,0,,,0,-1712880,RoadBlock,9.747131,-1712880,RoadBlock,9.681018,-1712704,RoadBlock,9.914066,,,0,,,0,,,0,,,0,,,0,,,0,,,0,,,0,,,0,,,0,,,0,,,0,,,0,,,0,,,0,,,0,,,0,,,0,,,0,,,0,,,0,,,0,,,0,,,0,,,0,13.48806,0.2779258,False,False,0,0,False,True,98.7962,1,1,-0.2290796
,,0,,,0,,,0,,,0,,,0,,,0,,,0,,,0,-1712880,RoadBlock,9.741382,-1712880,RoadBlock,9.663272,-1712880,RoadBlock,9.88339,,,0,,,0,,,0,,,0,,,0,,,0,,,0,,,0,,,0,,,0,,,0,,,0,,,0,,,0,,,0,,,0,,,0,,,0,,,0,,,0,,,0,,,0,,,0,,,0,,,0,13.49389,0.2371168,False,False,0,0,False,True,99.56379,1,1,-0.06224084
,,0,,,0,,,0,,,0,,,0,,,0,,,0,,,0,-1712880,RoadBlock,9.735863,-1712880,RoadBlock,9.64175,-1712880,RoadBlock,9.844783,,,0,,,0,,,0,,,0,,,0,,,0,,,0,,,0,,,0,,,0,,,0,,,0,,,0,,,0,,,0,,,0,,,0,,,0,,,0,,,0,,,0,,,0,,,0,,,0,,,0,13.4942,0.1826283,False,False,0,0,False,True,99.90519,1,1,0
,,0,,,0,,,0,,,0,,,0,,,0,,,0,,,0,-1712880,RoadBlock,9.731442,-1712880,RoadBlock,9.629325,-1712880,RoadBlock,9.8238,,,0,,,0,,,0,,,0,,,0,,,0,,,0,,,0,,,0,,,0,,,0,,,0,,,0,,,0,,,0,,,0,,,0,,,0,,,0,,,0,,,0,,,0,,,0,,,0,,,0,13.49485,0.1552802,False,False,0,0,False,True,100.2754,1,1,0
,,0,,,0,,,0,,,0,,,0,,,0,,,0,,,0,-1712880,RoadBlock,9.724292,-1712880,RoadBlock,9.613064,-1712880,RoadBlock,9.797767,,,0,,,0,,,0,,,0,,,0,,,0,,,0,,,0,,,0,,,0,,,0,,,0,,,0,,,0,,,0,,,0,,,0,,,0,,,0,,,0,,,0,,,0,,,0,,,0,,,0,13.49522,0.1240335,False,False,0,0,False,True,100.8988,1,1,0
,,0,,,0,,,0,,,0,,,0,,,0,,,0,,,0,-1712880,RoadBlock,9.719374,-1712880,RoadBlock,9.603545,-1712880,RoadBlock,9.783285,,,0,,,0,,,0,,,0,,,0,,,0,,,0,,,0,,,0,,,0,,,0,,,0,,,0,,,0,,,0,,,0,,,0,,,0,,,0,,,0,,,0,,,0,,,0,,,0,,,0,13.49531,0.1081916,False,False,0,0,False,True,101.2951,1,1,0
,,0,,,0,,,0,,,0,,,0,,,0,,,0,,,0,-1712880,RoadBlock,9.711919,-1712880,RoadBlock,9.590828,-1712880,RoadBlock,9.764839,,,0,,,0,,,0,,,0,,,0,,,0,,,0,,,0,,,0,,,0,,,0,,,0,,,0,,,0,,,0,,,0,,,0,,,0,,,0,,,0,,,0,,,0,,,0,,,0,,,0,13.49536,0.08993993,False,False,0,0,False,True,101.8864,1,1,0
,,0,,,0,,,0,,,0,,,0,,,0,,,0,,,0,-1712880,RoadBlock,9.706958,-1712880,RoadBlock,9.583193,-1712880,RoadBlock,9.754267,,,0,,,0,,,0,,,0,,,0,,,0,,,0,,,0,,,0,,,0,,,0,,,0,,,0,,,0,,,0,,,0,,,0,,,0,,,0,,,0,,,0,,,0,,,0,,,0,,,0,13.49538,0.08060033,False,False,0,0,False,True,102.585,1,1,0
,,0,,,0,,,0,,,0,,,0,,,0,,,0,,,0,-1712880,RoadBlock,9.699607,-1712880,RoadBlock,9.572771,-1712880,RoadBlock,9.740419,,,0,,,0,,,0,,,0,,,0,,,0,,,0,,,0,,,0,,,0,,,0,,,0,,,0,,,0,,,0,,,0,,,0,,,0,,,0,,,0,,,0,,,0,,,0,,,0,,,0,13.49538,0.06977448,False,False,0,0,False,True,102.7612,1,1,0
,,0,,,0,,,0,,,0,,,0,,,0,,,0,,,0,-1712880,RoadBlock,9.694812,-1712880,RoadBlock,9.566415,-1712880,RoadBlock,9.732291,,,0,,,0,,,0,,,0,,,0,,,0,,,0,,,0,,,0,,,0,,,0,,,0,,,0,,,0,,,0,,,0,,,0,,,0,,,0,,,0,,,0,,,0,,,0,,,0,,,0,13.49538,0.06425568,False,False,0,0,False,True,103.1399,1,1,0
,,0,,,0,,,0,,,0,,,0,,,0,,,0,,,0,-1712880,RoadBlock,9.687787,-1712880,RoadBlock,9.557599,-1712880,RoadBlock,9.721397,,,0,,,0,,,0,,,0,,,0,,,0,,,0,,,0,,,0,,,0,,,0,,,0,,,0,,,0,,,0,,,0,,,0,,,0,,,0,,,0,,,0,,,0,,,0,,,0,,,0,13.49538,0.05781072,False,False,0,0,False,True,103.7446,1,1,0
,,0,,,0,,,0,,,0,,,0,,,0,,,0,,,0,-1712880,RoadBlock,9.683215,-1712880,RoadBlock,9.552121,-1712880,RoadBlock,9.714837,,,0,,,0,,,0,,,0,,,0,,,0,,,0,,,0,,,0,,,0,,,0,,,0,,,0,,,0,,,0,,,0,,,0,,,0,,,0,,,0,,,0,,,0,,,0,,,0,,,0,13.49538,0.05450081,False,False,0,0,False,True,104.4703,1,1,0
,,0,,,0,,,0,,,0,,,0,,,0,,,0,,,0,-1712880,RoadBlock,9.676513,-1712880,RoadBlock,9.544385,-1712880,RoadBlock,9.70582,,,0,,,0,,,0,,,0,,,0,,,0,,,0,,,0,,,0,,,0,,,0,,,0,,,0,,,0,,,0,,,0,,,0,,,0,,,0,,,0,,,0,,,0,,,0,,,0,,,0,13.49538,0.05066771,False,False,0,0,False,True,104.7534,1,1,0
,,0,,,0,,,0,,,0,,,0,,,0,,,0,,,0,-1712880,RoadBlock,9.672143,-1712880,RoadBlock,9.539497,-1712880,RoadBlock,9.70026,,,0,,,0,,,0,,,0,,,0,,,0,,,0,,,0,,,0,,,0,,,0,,,0,,,0,,,0,,,0,,,0,,,0,,,0,,,0,,,0,,,0,,,0,,,0,,,0,,,0,13.49538,0.04865827,False,False,0,0,False,True,105.1952,1,1,0
,,0,,,0,,,0,,,0,,,0,,,0,,,0,,,0,-1712880,RoadBlock,9.665718,-1712880,RoadBlock,9.532489,-1712880,RoadBlock,9.692448,,,0,,,0,,,0,,,0,,,0,,,0,,,0,,,0,,,0,,,0,,,0,,,0,,,0,,,0,,,0,,,0,,,0,,,0,,,0,,,0,,,0,,,0,,,0,,,0,,,0,13.49538,0.04635239,False,False,0,0,False,True,105.8728,1,1,0
,,0,,,0,,,0,,,0,,,0,,,0,,,0,,,0,-1712880,RoadBlock,9.66151,-1712880,RoadBlock,9.527994,-1712880,RoadBlock,9.687525,,,0,,,0,,,0,,,0,,,0,,,0,,,0,,,0,,,0,,,0,,,0,,,0,,,0,,,0,,,0,,,0,,,0,,,0,,,0,,,0,,,0,,,0,,,0,,,0,,,0,13.49538,0.04519809,False,False,0,0,False,True,106.6282,1,1,0
,,0,,,0,,,0,,,0,,,0,,,0,,,0,,,0,-1712880,RoadBlock,9.65836,-1712880,RoadBlock,9.522917,-1712880,RoadBlock,9.680351,,,0,,,0,,,0,,,0,,,0,,,0,,,0,,,0,,,0,,,0,,,0,,,0,,,0,,,0,,,0,,,0,,,0,,,0,,,0,,,0,,,0,,,0,,,0,,,0,,,0,13.49413,0.03841025,False,False,0,0,False,True,106.9416,1,1,-0.1229872
,,0,,,0,,,0,,,0,,,0,,,0,,,0,,,0,-1712880,RoadBlock,9.666685,-1712880,RoadBlock,9.524858,-1712880,RoadBlock,9.675941,,,0,,,0,,,0,,,0,,,0,,,0,,,0,,,0,,,0,,,0,,,0,,,0,,,0,,,0,,,0,,,0,,,0,,,0,,,0,,,0,,,0,,,0,,,0,,,0,,,0,13.49,0.0170181,False,False,0,0,False,True,107.288,1,1,-0.2863503
,,0,,,0,,,0,,,0,,,0,,,0,,,0,,,0,-1712880,RoadBlock,9.700687,-1712880,RoadBlock,9.540403,-1712880,RoadBlock,9.673534,,,0,,,0,,,0,,,0,,,0,,,0,,,0,,,0,,,0,,,0,,,0,,,0,,,0,,,0,,,0,,,0,,,0,,,0,,,0,,,0,,,0,,,0,,,0,,,0,,,0,13.49313,0.04432383,False,False,0,0,False,True,107.8925,1,1,-0.1243515
,,0,,,0,,,0,,,0,,,0,,,0,,,0,,,0,-1712880,RoadBlock,9.727979,-1712880,RoadBlock,9.555335,-1712880,RoadBlock,9.676672,,,0,,,0,,,0,,,0,,,0,,,0,,,0,,,0,,,0,,,0,,,0,,,0,,,0,,,0,,,0,,,0,,,0,,,0,,,0,,,0,,,0,,,0,,,0,,,0,,,0,13.49429,0.08481182,False,False,0,0,False,True,108.2742,1,1,-0.009145983
,,0,,,0,,,0,,,0,,,0,,,0,,,0,,,0,-1712880,RoadBlock,9.766933,-1712880,RoadBlock,9.579933,-1712880,RoadBlock,9.687868,,,0,,,0,,,0,,,0,,,0,,,0,,,0,,,0,,,0,,,0,,,0,,,0,,,0,,,0,,,0,,,0,,,0,,,0,,,0,,,0,,,0,,,0,,,0,,,0,,,0,13.49489,0.1310604,False,False,0,0,False,True,108.8309,1,1,0
,,0,,,0,,,0,,,0,,,0,,,0,,,0,,,0,-1712880,RoadBlock,9.792002,-1712880,RoadBlock,9.59761,-1712880,RoadBlock,9.698826,,,0,,,0,,,0,,,0,,,0,,,0,,,0,,,0,,,0,,,0,,,0,,,0,,,0,,,0,,,0,,,0,,,0,,,0,,,0,,,0,,,0,,,0,,,0,,,0,,,0,13.49524,0.1544087,False,False,0,0,False,True,109.5199,1,1,0
,,0,,,0,,,0,,,0,,,0,,,0,,,0,,,0,-1712880,RoadBlock,9.828799,-1712880,RoadBlock,9.625721,-1712880,RoadBlock,9.719288,,,0,,,0,,,0,,,0,,,0,,,0,,,0,,,0,,,0,,,0,,,0,,,0,,,0,,,0,,,0,,,0,,,0,,,0,,,0,,,0,,,0,,,0,,,0,,,0,,,0,13.49532,0.1811762,False,False,0,0,False,True,109.7757,1,1,0
,,0,,,0,,,0,,,0,,,0,,,0,,,0,,,0,-1712880,RoadBlock,9.852978,-1712880,RoadBlock,9.645341,-1712880,RoadBlock,9.735052,,,0,,,0,,,0,,,0,,,0,,,0,,,0,,,0,,,0,,,0,,,0,,,0,,,0,,,0,,,0,,,0,,,0,,,0,,,0,,,0,,,0,,,0,,,0,,,0,,,0,13.49536,0.1947929,False,False,0,0,False,True,110.1034,1,1,0
,,0,,,0,,,0,,,0,,,0,,,0,,,0,,,0,-1712880,RoadBlock,9.879848,-1712880,RoadBlock,9.67104,-1712880,RoadBlock,9.760391,,,0,,,0,,,0,,,0,,,0,,,0,,,0,,,0,,,0,,,0,,,0,,,0,,,0,,,0,,,0,,,0,,,0,,,0,,,0,,,0,,,0,,,0,,,0,,,0,,,0,13.49204,0.1968119,False,False,0,0,False,True,110.7116,1,1,0.1778566
,,0,,,0,,,0,,,0,,,0,,,0,,,0,,,0,-1712880,RoadBlock,9.88152,-1712880,RoadBlock,9.679886,-1712880,RoadBlock,9.776528,,,0,,,0,,,0,,,0,,,0,,,0,,,0,,,0,,,0,,,0,,,0,,,0,,,0,,,0,,,0,,,0,,,0,,,0,,,0,,,0,,,0,,,0,,,0,,,0,,,0,13.48651,0.1726808,False,False,0,0,False,True,111.1381,1,1,0.291374
,,0,,,0,,,0,,,0,,,0,,,0,,,0,,,0,-1712880,RoadBlock,9.861859,-1712880,RoadBlock,9.680314,-1712880,RoadBlock,9.796718,,,0,,,0,,,0,,,0,,,0,,,0,,,0,,,0,,,0,,,0,,,0,,,0,,,0,,,0,,,0,,,0,,,0,,,0,,,0,,,0,,,0,,,0,,,0,,,0,,,0,13.49239,0.1066438,False,False,0,0,False,True,111.8028,1,1,0.1249816
,,0,,,0,,,0,,,0,,,0,,,0,,,0,,,0,-1712880,RoadBlock,9.846288,-1712880,RoadBlock,9.677699,-1712880,RoadBlock,9.806838,,,0,,,0,,,0,,,0,,,0,,,0,,,0,,,0,,,0,,,0,,,0,,,0,,,0,,,0,,,0,,,0,,,0,,,0,,,0,,,0,,,0,,,0,,,0,,,0,,,0,13.49386,0.06407264,False,False,0,0,False,True,112.5752,1,1,0
,,0,,,0,,,0,,,0,,,0,,,0,,,0,,,0,-1712880,RoadBlock,9.827211,-1712880,RoadBlock,9.673305,-1712880,RoadBlock,9.816905,,,0,,,0,,,0,,,0,,,0,,,0,,,0,,,0,,,0,,,0,,,0,,,0,,,0,,,0,,,0,,,0,,,0,,,0,,,0,,,0,,,0,,,0,,,0,,,0,,,0,13.49466,0.01557693,False,False,0,0,False,True,112.9213,1,1,0
,,0,,,0,,,0,,,0,,,0,,,0,,,0,,,0,-1712880,RoadBlock,9.816117,-1712880,RoadBlock,9.669597,-1712880,RoadBlock,9.820461,,,0,,,0,,,0,,,0,,,0,,,0,,,0,,,0,,,0,,,0,,,0,,,0,,,0,,,0,,,0,,,0,,,0,,,0,,,0,,,0,,,0,,,0,,,0,,,0,,,0,13.49504,0.008623797,False,False,0,0,False,True,113.3319,1,1,0
,,0,,,0,,,0,,,0,,,0,,,0,,,0,,,0,-1712880,RoadBlock,9.800735,-1712880,RoadBlock,9.662675,-1712880,RoadBlock,9.821813,,,0,,,0,,,0,,,0,,,0,,,0,,,0,,,0,,,0,,,0,,,0,,,0,,,0,,,0,,,0,,,0,,,0,,,0,,,0,,,0,,,0,,,0,,,0,,,0,,,0,13.49528,0.03636939,False,False,0,0,False,True,113.9725,1,1,0
,,0,,,0,,,0,,,0,,,0,,,0,,,0,,,0,-1712880,RoadBlock,9.790941,-1712880,RoadBlock,9.657197,-1712880,RoadBlock,9.820506,,,0,,,0,,,0,,,0,,,0,,,0,,,0,,,0,,,0,,,0,,,0,,,0,,,0,,,0,,,0,,,0,,,0,,,0,,,0,,,0,,,0,,,0,,,0,,,0,,,0,13.49535,0.05051335,False,False,0,0,False,True,114.7038,1,1,0
,,0,,,0,,,0,,,0,,,0,,,0,,,0,,,0,-1712880,RoadBlock,9.776551,-1712880,RoadBlock,9.647816,-1712880,RoadBlock,9.815883,,,0,,,0,,,0,,,0,,,0,,,0,,,0,,,0,,,0,,,0,,,0,,,0,,,0,,,0,,,0,,,0,,,0,,,0,,,0,,,0,,,0,,,0,,,0,,,0,,,0,13.49537,0.0667651,False,False,0,0,False,True,114.9223,1,1,0
,,0,,,0,,,0,,,0,,,0,,,0,,,0,,,0,-1712880,RoadBlock,9.767015,-1712880,RoadBlock,9.640868,-1712880,RoadBlock,9.81133,,,0,,,0,,,0,,,0,,,0,,,0,,,0,,,0,,,0,,,0,,,0,,,0,,,0,,,0,,,0,,,0,,,0,,,0,,,0,,,0,,,0,,,0,,,0,,,0,,,0,13.49538,0.07512251,False,False,0,0,False,True,115.3015,1,1,0
,,0,,,0,,,0,,,0,,,0,,,0,,,0,,,0,-1712880,RoadBlock,9.752644,-1712880,RoadBlock,9.629533,-1712880,RoadBlock,9.802708,,,0,,,0,,,0,,,0,,,0,,,0,,,0,,,0,,,0,,,0,,,0,,,0,,,0,,,0,,,0,,,0,,,0,,,0,,,0,,,0,,,0,,,0,,,0,,,0,,,0,13.49538,0.08481182,False,False,0,0,False,True,115.8722,1,1,0
,,0,,,0,,,0,,,0,,,0,,,0,,,0,,,0,-1712880,RoadBlock,9.742991,-1712880,RoadBlock,9.621465,-1712880,RoadBlock,9.79599,,,0,,,0,,,0,,,0,,,0,,,0,,,0,,,0,,,0,,,0,,,0,,,0,,,0,,,0,,,0,,,0,,,0,,,0,,,0,,,0,,,0,,,0,,,0,,,0,,,0,13.49538,0.08976644,False,False,0,0,False,True,116.5627,1,1,0
,,0,,,0,,,0,,,0,,,0,,,0,,,0,,,0,-1712880,RoadBlock,9.728333,-1712880,RoadBlock,9.608685,-1712880,RoadBlock,9.784712,,,0,,,0,,,0,,,0,,,0,,,0,,,0,,,0,,,0,,,0,,,0,,,0,,,0,,,0,,,0,,,0,,,0,,,0,,,0,,,0,,,0,,,0,,,0,,,0,,,0,13.49538,0.09555298,False,False,0,0,False,True,116.8435,1,1,0
,,0,,,0,,,0,,,0,,,0,,,0,,,0,,,0,-1712880,RoadBlock,9.718468,-1712880,RoadBlock,9.599811,-1712880,RoadBlock,9.776564,,,0,,,0,,,0,,,0,,,0,,,0,,,0,,,0,,,0,,,0,,,0,,,0,,,0,,,0,,,0,,,0,,,0,,,0,,,0,,,0,,,0,,,0,,,0,,,0,,,0,13.49538,0.09851728,False,False,0,0,False,True,117.1975,1,1,0
,,0,,,0,,,0,,,0,,,0,,,0,,,0,,,0,-1712880,RoadBlock,9.703493,-1712880,RoadBlock,9.586029,-1712880,RoadBlock,9.763563,,,0,,,0,,,0,,,0,,,0,,,0,,,0,,,0,,,0,,,0,,,0,,,0,,,0,,,0,,,0,,,0,,,0,,,0,,,0,,,0,,,0,,,0,,,0,,,0,,,0,13.49538,0.1019529,False,False,0,0,False,True,117.8464,1,1,0
,,0,,,0,,,0,,,0,,,0,,,0,,,0,,,0,-1712880,RoadBlock,9.69341,-1712880,RoadBlock,9.57659,-1712880,RoadBlock,9.75448,,,0,,,0,,,0,,,0,,,0,,,0,,,0,,,0,,,0,,,0,,,0,,,0,,,0,,,0,,,0,,,0,,,0,,,0,,,0,,,0,,,0,,,0,,,0,,,0,,,0,13.49538,0.1037219,False,False,0,0,False,True,118.2809,1,1,0
,,0,,,0,,,0,,,0,,,0,,,0,,,0,,,0,-1712880,RoadBlock,9.678165,-1712880,RoadBlock,9.562133,-1712880,RoadBlock,9.740371,,,0,,,0,,,0,,,0,,,0,,,0,,,0,,,0,,,0,,,0,,,0,,,0,,,0,,,0,,,0,,,0,,,0,,,0,,,0,,,0,,,0,,,0,,,0,,,0,,,0,13.49538,0.1057955,False,False,0,0,False,True,118.9629,1,1,0
,,0,,,0,,,0,,,0,,,0,,,0,,,0,,,0,-1712880,RoadBlock,9.667923,-1712880,RoadBlock,9.552322,-1712880,RoadBlock,9.730695,,,0,,,0,,,0,,,0,,,0,,,0,,,0,,,0,,,0,,,0,,,0,,,0,,,0,,,0,,,0,,,0,,,0,,,0,,,0,,,0,,,0,,,0,,,0,,,0,,,0,13.49538,0.1068638,False,False,0,0,False,True,119.7268,1,1,0
,,0,,,0,,,0,,,0,,,0,,,0,,,0,,,0,-1712880,RoadBlock,9.652485,-1712880,RoadBlock,9.53743,-1712880,RoadBlock,9.715891,,,0,,,0,,,0,,,0,,,0,,,0,,,0,,,0,,,0,,,0,,,0,,,0,,,0,,,0,,,0,,,0,,,0,,,0,,,0,,,0,,,0,,,0,,,0,,,0,,,0,13.49538,0.1080645,False,False,0,0,False,True,120.0089,1,1,0
,,0,,,0,,,0,,,0,,,0,,,0,,,0,,,0,-1712880,RoadBlock,9.645086,-1712880,RoadBlock,9.528739,-1712880,RoadBlock,9.705617,,,0,,,0,,,0,,,0,,,0,,,0,,,0,,,0,,,0,,,0,,,0,,,0,,,0,,,0,,,0,,,0,,,0,,,0,,,0,,,0,,,0,,,0,,,0,,,0,,,0,13.49411,0.1033257,False,False,0,0,False,True,120.4196,1,1,-0.1177141
,,0,,,0,,,0,,,0,,,0,,,0,,,0,,,0,-1712880,RoadBlock,9.652773,-1712880,RoadBlock,9.525017,-1712880,RoadBlock,9.690242,,,0,,,0,,,0,,,0,,,0,,,0,,,0,,,0,,,0,,,0,,,0,,,0,,,0,,,0,,,0,,,0,,,0,,,0,,,0,,,0,,,0,,,0,,,0,,,0,,,0,13.48691,0.06455895,False,False,0,0,False,True,121.03,1,1,-0.2810137
,,0,,,0,,,0,,,0,,,0,,,0,,,0,,,0,-1712880,RoadBlock,9.672625,-1712880,RoadBlock,9.531124,-1712880,RoadBlock,9.682722,,,0,,,0,,,0,,,0,,,0,,,0,,,0,,,0,,,0,,,0,,,0,,,0,,,0,,,0,,,0,,,0,,,0,,,0,,,0,,,0,,,0,,,0,,,0,,,0,,,0,13.49205,0.01855762,False,False,0,0,False,True,121.3952,1,1,-0.1529666
,,0,,,0,,,0,,,0,,,0,,,0,,,0,,,0,-1712880,RoadBlock,9.707984,-1712880,RoadBlock,9.546875,-1712880,RoadBlock,9.679396,,,0,,,0,,,0,,,0,,,0,,,0,,,0,,,0,,,0,,,0,,,0,,,0,,,0,,,0,,,0,,,0,,,0,,,0,,,0,,,0,,,0,,,0,,,0,,,0,,,0,13.49398,0.04668844,False,False,0,0,False,True,121.9516,1,1,0
,,0,,,0,,,0,,,0,,,0,,,0,,,0,,,0,-1712880,RoadBlock,9.730394,-1712880,RoadBlock,9.559184,-1712880,RoadBlock,9.682066,,,0,,,0,,,0,,,0,,,0,,,0,,,0,,,0,,,0,,,0,,,0,,,0,,,0,,,0,,,0,,,0,,,0,,,0,,,0,,,0,,,0,,,0,,,0,,,0,,,0,13.49488,0.07977115,False,False,0,0,False,True,122.623,1,1,0
,,0,,,0,,,0,,,0,,,0,,,0,,,0,,,0,-1712880,RoadBlock,9.762667,-1712880,RoadBlock,9.579768,-1712880,RoadBlock,9.691738,,,0,,,0,,,0,,,0,,,0,,,0,,,0,,,0,,,0,,,0,,,0,,,0,,,0,,,0,,,0,,,0,,,0,,,0,,,0,,,0,,,0,,,0,,,0,,,0,,,0,13.49516,0.1174369,False,False,0,0,False,True,122.8358,1,1,0
,,0,,,0,,,0,,,0,,,0,,,0,,,0,,,0,-1712880,RoadBlock,9.783631,-1712880,RoadBlock,9.594697,-1712880,RoadBlock,9.701183,,,0,,,0,,,0,,,0,,,0,,,0,,,0,,,0,,,0,,,0,,,0,,,0,,,0,,,0,,,0,,,0,,,0,,,0,,,0,,,0,,,0,,,0,,,0,,,0,,,0,13.49528,0.13653,False,False,0,0,False,True,123.1144,1,1,0
,,0,,,0,,,0,,,0,,,0,,,0,,,0,,,0,-1712880,RoadBlock,9.814569,-1712880,RoadBlock,9.618534,-1712880,RoadBlock,9.718774,,,0,,,0,,,0,,,0,,,0,,,0,,,0,,,0,,,0,,,0,,,0,,,0,,,0,,,0,,,0,,,0,,,0,,,0,,,0,,,0,,,0,,,0,,,0,,,0,,,0,13.49536,0.1584495,False,False,0,0,False,True,123.6985,1,1,0
,,0,,,0,,,0,,,0,,,0,,,0,,,0,,,0,-1712880,RoadBlock,9.835005,-1712880,RoadBlock,9.635231,-1712880,RoadBlock,9.73232,,,0,,,0,,,0,,,0,,,0,,,0,,,0,,,0,,,0,,,0,,,0,,,0,,,0,,,0,,,0,,,0,,,0,,,0,,,0,,,0,,,0,,,0,,,0,,,0,,,0,13.49537,0.1696168,False,False,0,0,False,True,124.0889,1,1,0
,,0,,,0,,,0,,,0,,,0,,,0,,,0,,,0,-1712880,RoadBlock,9.865496,-1712880,RoadBlock,9.661241,-1712880,RoadBlock,9.754736,,,0,,,0,,,0,,,0,,,0,,,0,,,0,,,0,,,0,,,0,,,0,,,0,,,0,,,0,,,0,,,0,,,0,,,0,,,0,,,0,,,0,,,0,,,0,,,0,,,0,13.49538,0.182575,False,False,0,0,False,True,124.7137,1,1,0
,,0,,,0,,,0,,,0,,,0,,,0,,,0,,,0,-1712880,RoadBlock,9.885791,-1712880,RoadBlock,9.67913,-1712880,RoadBlock,9.77082,,,0,,,0,,,0,,,0,,,0,,,0,,,0,,,0,,,0,,,0,,,0,,,0,,,0,,,0,,,0,,,0,,,0,,,0,,,0,,,0,,,0,,,0,,,0,,,0,,,0,13.49538,0.1892072,False,False,0,0,False,True,125.0877,1,1,0
,,0,,,0,,,0,,,0,,,0,,,0,,,0,,,0,-1712880,RoadBlock,9.916282,-1712880,RoadBlock,9.706667,-1712880,RoadBlock,9.796317,,,0,,,0,,,0,,,0,,,0,,,0,,,0,,,0,,,0,,,0,,,0,,,0,,,0,,,0,,,0,,,0,,,0,,,0,,,0,,,0,,,0,,,0,,,0,,,0,,,0,13.49538,0.1969212,False,False,0,0,False,True,125.7469,1,1,0
,,0,,,0,,,0,,,0,,,0,,,0,,,0,,,0,-1712880,RoadBlock,9.936669,-1712880,RoadBlock,9.725435,-1712880,RoadBlock,9.814074,,,0,,,0,,,0,,,0,,,0,,,0,,,0,,,0,,,0,,,0,,,0,,,0,,,0,,,0,,,0,,,0,,,0,,,0,,,0,,,0,,,0,,,0,,,0,,,0,,,0,13.49538,0.2008772,False,False,0,0,False,True,126.1618,1,1,0
,,0,,,0,,,0,,,0,,,0,,,0,,,0,,,0,-1712880,RoadBlock,9.967342,-1712880,RoadBlock,9.754067,-1712880,RoadBlock,9.841587,,,0,,,0,,,0,,,0,,,0,,,0,,,0,,,0,,,0,,,0,,,0,,,0,,,0,,,0,,,0,,,0,,,0,,,0,,,0,,,0,,,0,,,0,,,0,,,0,,,0,13.49538,0.2054712,False,False,0,0,False,True,126.7797,1,1,0
,,0,,,0,,,0,,,0,,,0,,,0,,,0,,,0,-1712880,RoadBlock,9.987855,-1712880,RoadBlock,9.773421,-1712880,RoadBlock,9.860405,,,0,,,0,,,0,,,0,,,0,,,0,,,0,,,0,,,0,,,0,,,0,,,0,,,0,,,0,,,0,,,0,,,0,,,0,,,0,,,0,,,0,,,0,,,0,,,0,,,0,13.49538,0.2078304,False,False,0,0,False,True,127.4853,1,1,0
,,0,,,0,,,0,,,0,,,0,,,0,,,0,,,0,,,0,-1712880,RoadBlock,9.802787,-1712880,RoadBlock,9.889205,,,0,,,0,,,0,,,0,,,0,,,0,,,0,,,0,,,0,,,0,,,0,,,0,,,0,,,0,,,0,,,0,,,0,,,0,,,0,,,0,,,0,,,0,,,0,,,0,,,0,13.49538,0.2105802,False,False,0,0,False,True,127.7601,1,1,0
,,0,,,0,,,0,,,0,,,0,,,0,,,0,,,0,,,0,-1712880,RoadBlock,9.822542,-1712880,RoadBlock,9.908708,,,0,,,0,,,0,,,0,,,0,,,0,,,0,,,0,,,0,,,0,,,0,,,0,,,0,,,0,,,0,,,0,,,0,,,0,,,0,,,0,,,0,,,0,,,0,,,0,,,0,13.49538,0.2119981,False,False,0,0,False,True,128.0364,1,1,0
,,0,,,0,,,0,,,0,,,0,,,0,,,0,,,0,,,0,-1712880,RoadBlock,9.852422,-1712880,RoadBlock,9.938354,,,0,,,0,,,0,,,0,,,0,,,0,,,0,,,0,,,0,,,0,,,0,,,0,,,0,,,0,,,0,,,0,,,0,,,0,,,0,,,0,,,0,,,0,,,0,,,0,,,0,13.49538,0.2136524,False,False,0,0,False,True,128.5822,1,1,0
,,0,,,0,,,0,,,0,,,0,,,0,,,0,,,0,,,0,-1712880,RoadBlock,9.872448,-1712880,RoadBlock,9.958298,,,0,,,0,,,0,,,0,,,0,,,0,,,0,,,0,,,0,,,0,,,0,,,0,,,0,,,0,,,0,,,0,,,0,,,0,,,0,,,0,,,0,,,0,,,0,,,0,,,0,13.49538,0.2144939,False,False,0,0,False,True,128.9627,1,1,0
,,0,,,0,,,0,,,0,,,0,,,0,,,0,,,0,,,0,-1712880,RoadBlock,9.902637,-1712880,RoadBlock,9.988452,,,0,,,0,,,0,,,0,,,0,,,0,,,0,,,0,,,0,,,0,,,0,,,0,,,0,,,0,,,0,,,0,,,0,,,0,,,0,,,0,,,0,,,0,,,0,,,0,,,0,13.49538,0.215487,False,False,0,0,False,True,129.5586,1,1,0
,,0,,,0,,,0,,,0,,,0,,,0,,,0,,,0,,,0,-1712880,RoadBlock,9.922842,-1712880,RoadBlock,10.00868,,,0,,,0,,,0,,,0,,,0,,,0,,,0,,,0,,,0,,,0,,,0,,,0,,,0,,,0,,,0,,,0,,,0,,,0,,,0,,,0,,,0,,,0,,,0,,,0,,,0,13.49538,0.2159856,False,False,0,0,False,True,130.269,1,1,0
,,0,,,0,,,0,,,0,,,0,,,0,,,0,,,0,,,0,-1712880,RoadBlock,9.953251,,,0,,,0,,,0,,,0,,,0,,,0,,,0,,,0,,,0,,,0,,,0,,,0,,,0,,,0,,,0,,,0,,,0,,,0,,,0,,,0,,,0,,,0,,,0,,,0,,,0,,,0,13.49538,0.2165921,False,False,0,0,False,True,130.5948,1,1,0
,,0,,,0,,,0,,,0,,,0,,,0,,,0,,,0,,,0,-1712880,RoadBlock,9.973579,,,0,,,0,,,0,,,0,,,0,,,0,,,0,,,0,,,0,,,0,,,0,,,0,,,0,,,0,,,0,,,0,,,0,,,0,,,0,,,0,,,0,,,0,,,0,,,0,,,0,,,0,13.49538,0.2168899,False,False,0,0,False,True,130.9776,1,1,0
,,0,,,0,,,0,,,0,,,0,,,0,,,0,,,0,,,0,-1712880,RoadBlock,10.00414,,,0,,,0,,,0,,,0,,,0,,,0,,,0,,,0,,,0,,,0,,,0,,,0,,,0,,,0,,,0,,,0,,,0,,,0,,,0,,,0,,,0,,,0,,,0,,,0,,,0,,,0,13.49538,0.217241,False,False,0,0,False,True,131.6311,1,1,0
,,0,,,0,,,0,,,0,,,0,,,0,,,0,,,0,,,0,,,0,,,0,,,0,,,0,,,0,,,0,,,0,,,0,,,0,,,0,,,0,,,0,,,0,,,0,,,0,,,0,,,0,,,0,,,0,,,0,,,0,,,0,,,0,,,0,,,0,,,0,,,0,13.49538,0.2174309,False,False,0,0,False,True,132.052,1,1,0
,,0,,,0,,,0,,,0,,,0,,,0,,,0,,,0,,,0,,,0,,,0,,,0,,,0,,,0,,,0,,,0,,,0,,,0,,,0,,,0,,,0,,,0,,,0,,,0,,,0,,,0,,,0,-1712870,RoadBlock,9.989066,,,0,,,0,,,0,,,0,,,0,,,0,,,0,,,0,13.49538,0.2176371,False,False,0,0,False,True,132.671,1,1,0
,,0,,,0,,,0,,,0,,,0,,,0,,,0,,,0,,,0,,,0,,,0,,,0,,,0,,,0,,,0,,,0,,,0,,,0,,,0,,,0,,,0,,,0,,,0,,,0,,,0,,,0,,,0,-1712870,RoadBlock,9.968628,,,0,,,0,,,0,,,0,,,0,,,0,,,0,,,0,13.49538,0.2177451,False,False,0,0,False,True,133.3669,1,1,0
,,0,,,0,,,0,,,0,,,0,,,0,,,0,,,0,,,0,,,0,,,0,,,0,,,0,,,0,,,0,,,0,,,0,,,0,,,0,,,0,,,0,,,0,,,0,,,0,,,0,,,0,,,0,-1712870,RoadBlock,9.937944,,,0,,,0,,,0,,,0,,,0,,,0,,,0,,,0,13.49538,0.2178803,False,False,0,0,False,True,133.6212,1,1,0
,,0,,,0,,,0,,,0,,,0,,,0,,,0,,,0,,,0,,,0,,,0,,,0,,,0,,,0,,,0,,,0,,,0,,,0,,,0,,,0,,,0,,,0,,,0,,,0,,,0,,,0,,,0,-1712870,RoadBlock,9.917457,-1712870,RoadBlock,10.00348,,,0,,,0,,,0,,,0,,,0,,,0,,,0,13.49538,0.2179513,False,False,0,0,False,True,134.2589,1,1,0
,,0,,,0,,,0,,,0,,,0,,,0,,,0,,,0,,,0,,,0,,,0,,,0,,,0,,,0,,,0,,,0,,,0,,,0,,,0,,,0,,,0,,,0,,,0,,,0,,,0,,,0,,,0,-1712870,RoadBlock,9.886724,-1712870,RoadBlock,9.972452,,,0,,,0,,,0,,,0,,,0,,,0,,,0,13.49538,0.2180237,False,False,0,0,False,True,134.4739,1,1,0
,,0,,,0,,,0,,,0,,,0,,,0,,,0,,,0,,,0,,,0,,,0,,,0,,,0,,,0,,,0,,,0,,,0,,,0,,,0,,,0,,,0,,,0,,,0,,,0,,,0,,,0,,,0,-1712870,RoadBlock,9.866236,-1712870,RoadBlock,9.951774,,,0,,,0,,,0,,,0,,,0,,,0,,,0,13.49538,0.2180688,False,False,0,0,False,True,134.7728,1,1,0
,,0,,,0,,,0,,,0,,,0,,,0,,,0,,,0,,,0,,,0,,,0,,,0,,,0,,,0,,,0,,,0,,,0,,,0,,,0,,,0,,,0,,,0,,,0,,,0,,,0,,,0,,,0,-1712870,RoadBlock,9.835457,-1712870,RoadBlock,9.920712,,,0,,,0,,,0,,,0,,,0,,,0,,,0,13.49538,0.2181139,False,False,0,0,False,True,135.3007,1,1,0
,,0,,,0,,,0,,,0,,,0,,,0,,,0,,,0,,,0,,,0,,,0,,,0,,,0,,,0,,,0,,,0,,,0,,,0,,,0,,,0,,,0,,,0,,,0,,,0,,,0,,,0,,,0,-1712870,RoadBlock,9.816118,-1712870,RoadBlock,9.902824,,,0,,,0,,,0,,,0,,,0,,,0,,,0,13.49412,0.2127631,False,False,0,0,False,True,135.6519,1,1,0.1261238
,,0,,,0,,,0,,,0,,,0,,,0,,,0,,,0,,,0,,,0,,,0,,,0,,,0,,,0,,,0,,,0,,,0,,,0,,,0,,,0,,,0,,,0,,,0,,,0,,,0,,,0,-1712870,RoadBlock,10.00065,-1712870,RoadBlock,9.789173,-1712870,RoadBlock,9.879533,,,0,,,0,,,0,,,0,,,0,,,0,,,0,13.49525,0.1998513,False,False,0,0,False,True,136.2256,1,1,0
,,0,,,0,,,0,,,0,,,0,,,0,,,0,,,0,,,0,,,0,,,0,,,0,,,0,,,0,,,0,,,0,,,0,,,0,,,0,,,0,,,0,,,0,,,0,,,0,,,0,,,0,-1712870,RoadBlock,9.980635,-1712870,RoadBlock,9.771578,-1712870,RoadBlock,9.86377,,,0,,,0,,,0,,,0,,,0,,,0,,,0,13.49533,0.1932301,False,False,0,0,False,True,136.612,1,1,0
,,0,,,0,,,0,,,0,,,0,,,0,,,0,,,0,,,0,,,0,,,0,,,0,,,0,,,0,,,0,,,0,,,0,,,0,,,0,,,0,,,0,,,0,,,0,,,0,,,0,,,0,-1712870,RoadBlock,9.951834,-1712870,RoadBlock,9.745694,-1712870,RoadBlock,9.839948,,,0,,,0,,,0,,,0,,,0,,,0,,,0,13.49537,0.1855626,False,False,0,0,False,True,137.2334,1,1,0
,,0,,,0,,,0,,,0,,,0,,,0,,,0,,,0,,,0,,,0,,,0,,,0,,,0,,,0,,,0,,,0,,,0,,,0,,,0,,,0,,,0,,,0,,,0,,,0,,,0,,,0,-1712870,RoadBlock,9.933327,-1712870,RoadBlock,9.728757,-1712870,RoadBlock,9.824026,,,0,,,0,,,0,,,0,,,0,,,0,,,0,13.49537,0.1816079,False,False,0,0,False,True,137.6139,1,1,0
,,0,,,0,,,0,,,0,,,0,,,0,,,0,,,0,,,0,,,0,,,0,,,0,,,0,,,0,,,0,,,0,,,0,,,0,,,0,,,0,,,0,,,0,,,0,,,0,,,0,,,0,-1712870,RoadBlock,9.90637,-1712870,RoadBlock,9.703725,-1712870,RoadBlock,9.800112,,,0,,,0,,,0,,,0,,,0,,,0,,,0,13.49538,0.1770563,False,False,0,0,False,True,138.1999,1,1,0
,,0,,,0,,,0,,,0,,,0,,,0,,,0,,,0,,,0,,,0,,,0,,,0,,,0,,,0,,,0,,,0,,,0,,,0,,,0,,,0,,,0,,,0,,,0,,,0,,,0,,,0,-1712870,RoadBlock,9.888837,-1712870,RoadBlock,9.687255,-1712870,RoadBlock,9.784178,,,0,,,0,,,0,,,0,,,0,,,0,,,0,13.49538,0.1747203,False,False,0,0,False,True,138.8764,1,1,0
,,0,,,0,,,0,,,0,,,0,,,0,,,0,,,0,,,0,,,0,,,0,,,0,,,0,,,0,,,0,,,0,,,0,,,0,,,0,,,0,,,0,,,0,,,0,,,0,,,0,,,0,-1712870,RoadBlock,9.86305,-1712870,RoadBlock,9.66281,-1712870,RoadBlock,9.760299,,,0,,,0,,,0,,,0,,,0,,,0,,,0,13.49538,0.1719883,False,False,0,0,False,True,139.1234,1,1,0
,,0,,,0,,,0,,,0,,,0,,,0,,,0,,,0,,,0,,,0,,,0,,,0,,,0,,,0,,,0,,,0,,,0,,,0,,,0,,,0,,,0,,,0,,,0,,,0,,,0,,,0,-1712870,RoadBlock,9.846142,-1712870,RoadBlock,9.646662,-1712870,RoadBlock,9.744403,,,0,,,0,,,0,,,0,,,0,,,0,,,0,13.49538,0.1706058,False,False,0,0,False,True,139.3797,1,1,0
,,0,,,0,,,0,,,0,,,0,,,0,,,0,,,0,,,0,,,0,,,0,,,0,,,0,,,0,,,0,,,0,,,0,,,0,,,0,,,0,,,0,,,0,,,0,,,0,,,0,,,0,-1712870,RoadBlock,9.821105,-1712870,RoadBlock,9.622621,-1712870,RoadBlock,9.720601,,,0,,,0,,,0,,,0,,,0,,,0,,,0,13.49538,0.1689802,False,False,0,0,False,True,139.9251,1,1,0
,,0,,,0,,,0,,,0,,,0,,,0,,,0,,,0,,,0,,,0,,,0,,,0,,,0,,,0,,,0,,,0,,,0,,,0,,,0,,,0,,,0,,,0,,,0,,,0,,,0,,,0,-1712870,RoadBlock,9.80425,-1712870,RoadBlock,9.60795,-1713010,RoadBlock,9.70762,,,0,,,0,,,0,,,0,,,0,,,0,,,0,13.49413,0.1627757,False,False,0,0,False,True,140.2894,1,1,0.1228461
,,0,,,0,,,0,,,0,,,0,,,0,,,0,,,0,,,0,,,0,,,0,,,0,,,0,,,0,,,0,,,0,,,0,,,0,,,0,,,0,,,0,,,0,,,0,,,0,,,0,,,0,-1712870,RoadBlock,9.778805,-1712870,RoadBlock,9.594985,-1713010,RoadBlock,9.706511,,,0,,,0,,,0,,,0,,,0,,,0,,,0,13.48693,0.1223178,False,False,0,0,False,True,140.8872,1,1,0.2883666
,,0,,,0,,,0,,,0,,,0,,,0,,,0,,,0,,,0,,,0,,,0,,,0,,,0,,,0,,,0,,,0,,,0,,,0,,,0,,,0,,,0,,,0,,,0,,,0,,,0,,,0,-1712870,RoadBlock,9.764393,-1713010,RoadBlock,9.594993,-1713010,RoadBlock,9.720761,,,0,,,0,,,0,,,0,,,0,,,0,,,0,13.49161,0.07441491,False,False,0,0,False,True,141.2828,1,1,0.1636114
,,0,,,0,,,0,,,0,,,0,,,0,,,0,,,0,,,0,,,0,,,0,,,0,,,0,,,0,,,0,,,0,,,0,,,0,,,0,,,0,,,0,,,0,,,0,,,0,,,0,,,0,-1712870,RoadBlock,9.751386,-1713010,RoadBlock,9.602567,-1713010,RoadBlock,9.749054,,,0,,,0,,,0,,,0,,,0,,,0,,,0,13.49394,0.004846702,False,False,0,0,False,True,141.9241,1,1,0
,,0,,,0,,,0,,,0,,,0,,,0,,,0,,,0,,,0,,,0,,,0,,,0,,,0,,,0,,,0,,,0,,,0,,,0,,,0,,,0,,,0,,,0,,,0,,,0,,,0,,,0,-1712870,RoadBlock,9.748212,-1713010,RoadBlock,9.609818,-1713010,RoadBlock,9.766984,,,0,,,0,,,0,,,0,,,0,,,0,,,0,13.49484,0.02993672,False,False,0,0,False,True,142.6544,1,1,0
,,0,,,0,,,0,,,0,,,0,,,0,,,0,,,0,,,0,,,0,,,0,,,0,,,0,,,0,,,0,,,0,,,0,,,0,,,0,,,0,,,0,,,0,,,0,,,0,,,0,,,0,-1713010,RoadBlock,9.749855,-1713010,RoadBlock,9.623258,-1713010,RoadBlock,9.792715,,,0,,,0,,,0,,,0,,,0,,,0,,,0,13.49528,0.07013784,False,False,0,0,False,True,142.9846,1,1,0
,,0,,,0,,,0,,,0,,,0,,,0,,,0,,,0,,,0,,,0,,,0,,,0,,,0,,,0,,,0,,,0,,,0,,,0,,,0,,,0,,,0,,,0,,,0,,,0,,,0,,,0,-1713010,RoadBlock,9.754282,-1713010,RoadBlock,9.633612,-1713010,RoadBlock,9.809377,,,0,,,0,,,0,,,0,,,0,,,0,,,0,13.49528,0.09041804,False,False,0,0,False,True,143.3194,1,1,0
,,0,,,0,,,0,,,0,,,0,,,0,,,0,,,0,,,0,,,0,,,0,,,0,,,0,,,0,,,0,,,0,,,0,,,0,,,0,,,0,,,0,,,0,,,0,,,0,,,0,,,0,-1713010,RoadBlock,9.764735,-1713010,RoadBlock,9.650816,-1713010,RoadBlock,9.833949,,,0,,,0,,,0,,,0,,,0,,,0,,,0,13.49535,0.1137117,False,False,0,0,False,True,143.9068,1,1,0
,,0,,,0,,,0,,,0,,,0,,,0,,,0,,,0,,,0,,,0,,,0,,,0,,,0,,,0,,,0,,,0,,,0,,,0,,,0,,,0,,,0,,,0,,,0,,,0,,,0,,,0,-1713010,RoadBlock,9.773577,-1713010,RoadBlock,9.661413,-1713010,RoadBlock,9.846659,,,0,,,0,,,0,,,0,,,0,,,0,,,0,13.49383,0.1200078,False,False,0,0,False,True,144.2474,1,1,-0.1354787
,,0,,,0,,,0,,,0,,,0,,,0,,,0,,,0,,,0,,,0,,,0,,,0,,,0,,,0,,,0,,,0,,,0,,,0,,,0,,,0,,,0,,,0,,,0,,,0,,,0,,,0,-1713010,RoadBlock,9.787218,-1713010,RoadBlock,9.667027,-1713010,RoadBlock,9.844323,,,0,,,0,,,0,,,0,,,0,,,0,,,0,13.48648,0.09343972,False,False,0,0,False,True,144.7955,1,1,-0.3002279
,,0,,,0,,,0,,,0,,,0,,,0,,,0,,,0,,,0,,,0,,,0,,,0,,,0,,,0,,,0,,,0,,,0,,,0,,,0,,,0,,,0,,,0,,,0,,,0,,,0,,,0,-1713010,RoadBlock,9.794655,-1713010,RoadBlock,9.658993,-1713010,RoadBlock,9.820443,,,0,,,0,,,0,,,0,,,0,,,0,,,0,13.47861,0.04154394,False,False,0,0,False,True,145.1227,1,1,-0.428426
,,0,,,0,,,0,,,0,,,0,,,0,,,0,,,0,,,0,,,0,,,0,,,0,,,0,,,0,,,0,,,0,,,0,,,0,,,0,,,0,,,0,,,0,,,0,,,0,,,0,,,0,-1713010,RoadBlock,9.80054,-1713010,RoadBlock,9.628656,-1713010,RoadBlock,9.753038,,,0,,,0,,,0,,,0,,,0,,,0,,,0,13.48529,0.08060033,False,False,0,0,False,True,145.6711,1,1,-0.2553492
,,0,,,0,,,0,,,0,,,0,,,0,,,0,,,0,,,0,,,0,,,0,,,0,,,0,,,0,,,0,,,0,,,0,,,0,,,0,,,0,,,0,,,0,,,0,,,0,,,0,,,0,-1713010,RoadBlock,9.799219,-1713010,RoadBlock,9.60157,-1713010,RoadBlock,9.69974,,,0,,,0,,,0,,,0,,,0,,,0,,,0,13.48986,0.167632,False,False,0,0,False,True,146.0497,1,1,-0.1363135
,,0,,,0,,,0,,,0,,,0,,,0,,,0,,,0,,,0,,,0,,,0,,,0,,,0,,,0,,,0,,,0,,,0,,,0,,,0,,,0,,,0,,,0,,,0,,,0,,,0,,,0,-1713010,RoadBlock,9.78596,-1713010,RoadBlock,9.556927,-1713010,RoadBlock,9.62318,-1713010,RoadBlock,9.995196,,,0,,,0,,,0,,,0,,,0,,,0,13.49208,0.2745668,False,False,0,0,False,True,146.6448,1,1,0
,,0,,,0,,,0,,,0,,,0,,,0,,,0,,,0,,,0,,,0,,,0,,,0,,,0,,,0,,,0,,,0,,,0,,,0,,,0,,,0,,,0,,,0,,,0,,,0,,,0,,,0,-1713010,RoadBlock,9.769182,-1713010,RoadBlock,9.524883,-1713010,RoadBlock,9.575453,-1713010,RoadBlock,9.92886,,,0,,,0,,,0,,,0,,,0,,,0,13.49391,0.3275185,False,False,0,0,False,True,147.0447,1,1,0
,,0,,,0,,,0,,,0,,,0,,,0,,,0,,,0,,,0,,,0,,,0,,,0,,,0,,,0,,,0,,,0,,,0,,,0,,,0,,,0,,,0,,,0,,,0,,,0,,,0,,,0,-1713010,RoadBlock,9.733727,-1713010,RoadBlock,9.472688,-1713010,RoadBlock,9.505672,-1713010,RoadBlock,9.837849,,,0,,,0,,,0,,,0,,,0,,,0,13.49497,0.3872321,False,False,0,0,False,True,147.6709,1,1,0
,,0,,,0,-1712998,hole,7.489267,,,0,,,0,,,0,,,0,,,0,,,0,,,0,,,0,,,0,,,0,,,0,,,0,,,0,,,0,,,0,,,0,,,0,,,0,,,0,,,0,,,0,,,0,,,0,-1713010,RoadBlock,9.704302,-1713010,RoadBlock,9.435215,-1713010,RoadBlock,9.459428,-1713010,RoadBlock,9.780707,,,0,,,0,,,0,,,0,,,0,,,0,13.49528,0.4172371,False,False,0,0,False,True,148.3887,1,1,0
,,0,,,0,-1712998,hole,6.710845,,,0,,,0,,,0,,,0,,,0,,,0,,,0,,,0,,,0,,,0,,,0,,,0,,,0,,,0,,,0,,,0,,,0,,,0,,,0,,,0,,,0,,,0,,,0,-1713010,RoadBlock,9.653207,-1713010,RoadBlock,9.375477,-1713010,RoadBlock,9.389721,-1713010,RoadBlock,9.698124,,,0,,,0,,,0,,,0,,,0,,,0,13.49535,0.451567,False,False,0,0,False,True,148.6732,1,1,0
,,0,,,0,,,0,,,0,,,0,,,0,,,0,,,0,,,0,,,0,,,0,,,0,,,0,,,0,,,0,,,0,,,0,,,0,,,0,,,0,,,0,,,0,,,0,,,0,,,0,,,0,-1713010,RoadBlock,9.615349,-1713010,RoadBlock,9.333611,-1713010,RoadBlock,9.342828,-1713010,RoadBlock,9.644382,,,0,,,0,,,0,,,0,,,0,,,0,13.49538,0.4690277,False,False,0,0,False,True,149.338,1,1,0
,,0,,,0,,,0,,,0,,,0,,,0,,,0,,,0,,,0,,,0,,,0,,,0,,,0,,,0,,,0,,,0,,,0,,,0,,,0,,,0,,,0,,,0,,,0,,,0,,,0,,,0,-1713010,RoadBlock,9.55401,-1713010,RoadBlock,9.268228,-1713010,RoadBlock,9.271694,-1713010,RoadBlock,9.564879,,,0,,,0,,,0,,,0,,,0,,,0,13.49538,0.4891768,False,False,0,0,False,True,149.5505,1,1,0
,,0,,,0,,,0,,,0,,,0,,,0,,,0,,,0,,,0,,,0,,,0,,,0,,,0,,,0,,,0,,,0,,,0,,,0,,,0,,,0,,,0,,,0,,,0,,,0,,,0,,,0,-1713010,RoadBlock,9.51063,-1713010,RoadBlock,9.223171,-1713010,RoadBlock,9.223728,-1713010,RoadBlock,9.512308,,,0,,,0,,,0,,,0,-1712974,Pavement,9.875388,,,0,13.49538,0.499489,False,False,0,0,False,True,149.8936,1,1,0
,,0,,,0,,,0,,,0,,,0,,,0,,,0,,,0,,,0,,,0,,,0,,,0,,,0,,,0,,,0,,,0,,,0,,,0,,,0,,,0,,,0,,,0,,,0,,,0,,,0,,,0,-1713010,RoadBlock,9.442592,-1713010,RoadBlock,9.153773,-1713010,RoadBlock,9.151003,-1713010,RoadBlock,9.433759,,,0,,,0,,,0,,,0,-1712974,Pavement,9.664358,,,0,13.49537,0.5114282,False,False,0,0,False,True,150.412,1,1,0
,,0,,,0,,,0,,,0,,,0,,,0,,,0,,,0,,,0,,,0,,,0,,,0,,,0,,,0,,,0,,,0,,,0,,,0,,,0,,,0,,,0,,,0,,,0,,,0,,,0,,,0,-1713010,RoadBlock,9.395641,-1713010,RoadBlock,9.106521,-1713010,RoadBlock,9.102072,-1713010,RoadBlock,9.38151,-1713010,RoadBlock,9.990877,,,0,,,0,,,0,-1712974,Pavement,9.529515,,,0,13.49537,0.5175521,False,False,0,0,False,True,151.0665,1,1,0
,,0,,,0,,,0,,,0,,,0,,,0,,,0,,,0,,,0,,,0,,,0,,,0,,,0,,,0,,,0,,,0,,,0,,,0,,,0,,,0,,,0,,,0,,,0,,,0,,,0,-1713010,RoadBlock,9.942698,-1713010,RoadBlock,9.323342,-1713010,RoadBlock,9.034451,-1713010,RoadBlock,9.028089,-1713010,RoadBlock,9.303167,-1713010,RoadBlock,9.904996,,,0,,,0,,,0,-1712974,Pavement,9.333503,,,0,13.49537,0.5246542,False,False,0,0,False,True,151.3207,1,1,0
,,0,,,0,,,0,,,0,,,0,,,0,,,0,,,0,,,0,,,0,,,0,,,0,,,0,,,0,,,0,,,0,,,0,,,0,,,0,,,0,,,0,,,0,,,0,,,0,,,0,-1713010,RoadBlock,9.891453,-1713010,RoadBlock,9.274144,-1713010,RoadBlock,8.985756,-1713010,RoadBlock,8.978435,-1713010,RoadBlock,9.250934,-1713010,RoadBlock,9.848131,,,0,,,0,,,0,-1712974,Pavement,9.205961,,,0,13.49537,0.5283015,False,False,0,0,False,True,151.7164,1,1,0
,,0,,,0,,,0,,,0,,,0,,,0,,,0,,,0,,,0,,,0,,,0,,,0,,,0,,,0,,,0,,,0,,,0,,,0,,,0,,,0,,,0,,,0,,,0,,,0,,,0,-1713010,RoadBlock,9.812852,-1713010,RoadBlock,9.19913,-1713010,RoadBlock,8.911908,-1713010,RoadBlock,8.903502,-1713010,RoadBlock,9.172499,-1713010,RoadBlock,9.763169,,,0,,,0,,,0,-1712974,Pavement,9.017941,,,0,13.49537,0.532543,False,False,0,0,False,True,152.3278,1,1,0
,,0,,,0,,,0,,,0,,,0,,,0,,,0,,,0,,,0,,,0,,,0,,,0,,,0,,,0,,,0,,,0,,,0,,,0,,,0,,,0,,,0,,,0,,,0,,,0,,,0,-1713010,RoadBlock,9.75688,-1713010,RoadBlock,9.147705,-1713010,RoadBlock,8.862995,-1713010,RoadBlock,8.855499,-1713010,RoadBlock,9.123948,-1713010,RoadBlock,9.712542,,,0,,,0,,,0,-1712974,Pavement,8.915424,,,0,13.49409,0.5293356,False,False,0,0,False,True,152.74,1,1,0.130245
,,0,,,0,,,0,,,0,,,0,,,0,,,0,,,0,,,0,,,0,,,0,,,0,,,0,,,0,,,0,,,0,,,0,,,0,,,0,,,0,,,0,,,0,,,0,,,0,,,0,-1713010,RoadBlock,9.658382,-1713010,RoadBlock,9.067007,-1713010,RoadBlock,8.795062,-1713010,RoadBlock,8.797535,-1713010,RoadBlock,9.07474,-1713010,RoadBlock,9.672457,,,0,,,0,,,0,-1712974,Pavement,8.890096,,,0,13.48684,0.4923036,False,False,0,0,False,True,153.3788,1,1,0.2985365
,,0,,,0,,,0,,,0,,,0,,,0,,,0,,,0,,,0,,,0,,,0,,,0,,,0,,,0,,,0,,,0,,,0,,,0,,,0,,,0,,,0,,,0,,,0,,,0,,,0,-1713010,RoadBlock,9.658382,-1713010,RoadBlock,9.067007,-1713010,RoadBlock,8.795062,-1713010,RoadBlock,8.797535,-1713010,RoadBlock,9.07474,-1713010,RoadBlock,9.672457,,,0,,,0,,,0,-1712974,Pavement,8.890096,,,0,13.47422,0.4923036,False,False,0,0,False,True,154.374,1,1,0.7820429
,,0,,,0,,,0,,,0,,,0,,,0,,,0,,,0,,,0,,,0,,,0,,,0,,,0,,,0,,,0,,,0,,,0,,,0,,,0,,,0,,,0,,,0,,,0,,,0,,,0,-1713010,RoadBlock,9.658382,-1713010,RoadBlock,9.067007,-1713010,RoadBlock,8.795062,-1713010,RoadBlock,8.797535,-1713010,RoadBlock,9.07474,-1713010,RoadBlock,9.672457,,,0,,,0,,,0,-1712974,Pavement,8.890096,,,0,13.4566,0.4923036,False,False,0,0,False,True,155.6836,1,1,0.7820429
,,0,,,0,,,0,,,0,,,0,,,0,,,0,,,0,,,0,,,0,,,0,,,0,,,0,,,0,,,0,,,0,,,0,,,0,,,0,,,0,,,0,,,0,,,0,,,0,,,0,-1713010,RoadBlock,9.658382,-1713010,RoadBlock,9.067007,-1713010,RoadBlock,8.795062,-1713010,RoadBlock,8.797535,-1713010,RoadBlock,9.07474,-1713010,RoadBlock,9.672457,,,0,,,0,,,0,-1712974,Pavement,8.890096,,,0,13.44225,0.4923036,False,False,0,0,False,True,156.7214,1,1,0.7820429
,,0,,,0,,,0,,,0,,,0,,,0,,,0,,,0,,,0,,,0,,,0,,,0,,,0,,,0,,,0,,,0,,,0,,,0,,,0,,,0,,,0,,,0,,,0,,,0,,,0,-1713010,RoadBlock,9.331777,-1713010,RoadBlock,8.888845,-1713010,RoadBlock,8.738754,-1713010,RoadBlock,8.857263,-1713010,RoadBlock,9.263276,,,0,,,0,,,0,,,0,,,0,,,0,13.41805,0.05987344,False,False,0,0,False,True,155.9816,1,1,1
,,0,,,0,,,0,,,0,,,0,,,0,,,0,,,0,,,0,,,0,,,0,,,0,,,0,,,0,,,0,,,0,,,0,,,0,,,0,,,0,,,0,,,0,,,0,,,0,,,0,-1713010,RoadBlock,9.331777,-1713010,RoadBlock,8.888845,-1713010,RoadBlock,8.738754,-1713010,RoadBlock,8.857263,-1713010,RoadBlock,9.263276,,,0,,,0,,,0,,,0,,,0,,,0,13.40127,0.05987344,False,False,0,0,False,True,156.8053,1,1,1
,,0,,,0,,,0,,,0,,,0,,,0,,,0,,,0,,,0,,,0,,,0,,,0,,,0,,,0,,,0,,,0,,,0,,,0,,,0,,,0,,,0,,,0,,,0,,,0,-1713010,RoadBlock,9.724924,-1713010,RoadBlock,9.222453,-1713010,RoadBlock,9.029533,-1713010,RoadBlock,9.114823,-1713010,RoadBlock,9.491849,,,0,,,0,,,0,,,0,,,0,,,0,,,0,13.38468,0.8070838,False,False,0,0,False,True,156.2173,1,1,1
,,0,,,0,,,0,,,0,,,0,,,0,,,0,,,0,,,0,,,0,,,0,,,0,,,0,,,0,,,0,,,0,,,0,,,0,,,0,,,0,,,0,,,0,,,0,,,0,-1713010,RoadBlock,9.684088,-1713010,RoadBlock,9.282961,-1713010,RoadBlock,9.180814,-1713010,RoadBlock,9.361239,-1713010,RoadBlock,9.853286,,,0,,,0,,,0,,,0,,,0,,,0,,,0,13.37804,1.135315,False,False,0,0,False,True,156.8209,1,1,0.9502583
,,0,,,0,-1712986,Pavement (1),9.276865,,,0,,,0,,,0,,,0,,,0,,,0,,,0,,,0,,,0,,,0,,,0,,,0,,,0,,,0,,,0,,,0,,,0,,,0,,,0,,,0,,,0,-1713010,RoadBlock,9.732123,-1713010,RoadBlock,9.488049,-1713010,RoadBlock,9.53775,-1713010,RoadBlock,9.889054,,,0,,,0,,,0,,,0,,,0,,,0,,,0,,,0,13.39406,1.67005,False,False,0,0,False,True,157.0529,1,1,0.8330125
,,0,,,0,-1712986,Pavement (1),8.206531,,,0,,,0,,,0,,,0,,,0,,,0,,,0,,,0,,,0,,,0,,,0,,,0,,,0,,,0,,,0,,,0,,,0,,,0,,,0,,,0,,,0,-1713010,RoadBlock,9.846245,-1713010,RoadBlock,9.706888,-1713010,RoadBlock,9.866121,,,0,,,0,,,0,,,0,,,0,,,0,,,0,,,0,,,0,13.42166,2.03144,False,False,0,0,False,True,157.6474,1,1,0.6598492
,,0,-1712986,Pavement (1),8.449529,-1712986,Pavement (1),6.880819,,,0,,,0,,,0,-1712964,RoadBlock,9.954159,-1712964,RoadBlock,9.969471,,,0,,,0,,,0,,,0,,,0,,,0,,,0,,,0,,,0,,,0,,,0,,,0,,,0,,,0,,,0,,,0,,,0,,,0,,,0,,,0,,,0,,,0,,,0,,,0,,,0,,,0,,,0,,,0,13.43947,2.551815,False,False,0,0,False,True,157.8986,1,1,0.5410312
-1712986,Pavement (1),9.611059,-1712986,Pavement (1),7.382364,-1712986,Pavement (1),6.144497,,,0,,,0,-1712964,RoadBlock,9.821035,-1712964,RoadBlock,9.63331,-1712964,RoadBlock,9.742099,,,0,,,0,,,0,,,0,,,0,,,0,,,0,,,0,,,0,,,0,,,0,,,0,,,0,,,0,,,0,,,0,,,0,,,0,,,0,,,0,,,0,,,0,,,0,,,0,,,0,,,0,,,0,,,0,13.45569,2.869718,False,False,0,0,False,True,158.1656,1,1,0.3696884
-1712986,Pavement (1),7.661691,-1712986,Pavement (1),6.107658,-1712986,Pavement (1),5.20951,,,0,-1712964,RoadBlock,9.592948,-1712964,RoadBlock,9.236772,-1712964,RoadBlock,9.17387,-1712964,RoadBlock,9.394285,-1712964,RoadBlock,9.933963,,,0,,,0,,,0,,,0,,,0,,,0,,,0,,,0,,,0,,,0,,,0,,,0,,,0,,,0,,,0,,,0,,,0,,,0,,,0,,,0,,,0,,,0,,,0,,,0,,,0,,,0,,,0,13.47609,3.276726,False,False,0,0,False,True,158.6348,1,1,0
-1712986,Pavement (1),6.667973,-1712986,Pavement (1),5.408012,-1712986,Pavement (1),4.667992,-1712964,RoadBlock,9.751931,-1712964,RoadBlock,9.150681,-1712964,RoadBlock,8.87236,-1712964,RoadBlock,8.870993,-1712964,RoadBlock,9.14642,-1712964,RoadBlock,9.744231,,,0,,,0,,,0,,,0,,,0,,,0,,,0,,,0,,,0,,,0,,,0,,,0,,,0,,,0,,,0,,,0,,,0,,,0,,,0,,,0,,,0,,,0,,,0,,,0,,,0,,,0,,,0,13.4837,3.496133,False,False,0,0,False,True,158.9043,1,1,-0.1243132
-1712986,Pavement (1),5.461654,-1712986,Pavement (1),4.50845,-1712986,Pavement (1),3.940615,-1712964,RoadBlock,9.026704,-1712964,RoadBlock,8.541888,-1712964,RoadBlock,8.34621,-1712964,RoadBlock,8.40789,-1712964,RoadBlock,8.736824,-1712964,RoadBlock,9.388654,,,0,,,0,,,0,,,0,,,0,,,0,,,0,,,0,,,0,,,0,,,0,,,0,,,0,,,0,,,0,,,0,,,0,,,0,,,0,,,0,,,0,,,0,,,0,,,0,,,0,,,0,,,0,13.48801,3.7433,False,False,0,0,False,True,159.3099,1,1,-0.2897253
-1712986,Pavement (1),4.788349,-1712986,Pavement (1),3.981388,-1712986,Pavement (1),3.498308,-1712964,RoadBlock,8.595601,-1712964,RoadBlock,8.163561,-1712964,RoadBlock,8.003385,-1712964,RoadBlock,8.089223,-1712964,RoadBlock,8.434858,-1712964,RoadBlock,9.099409,,,0,,,0,,,0,,,0,,,0,,,0,,,0,,,0,,,0,,,0,,,0,,,0,,,0,,,0,,,0,,,0,,,0,,,0,,,0,,,0,,,0,,,0,,,0,,,0,,,0,-1712986,Pavement (1),9.384996,,,0,13.48656,3.851887,False,False,0,0,False,True,159.5378,1,1,-0.4179212
-1712986,Pavement (1),3.913189,-1712986,Pavement (1),3.270127,-1712986,Pavement (1),2.884018,-1712964,RoadBlock,8.013258,-1712964,RoadBlock,7.63006,-1712964,RoadBlock,7.498152,-1712964,RoadBlock,7.596328,-1712964,RoadBlock,7.940383,-1712964,RoadBlock,8.589679,-1712964,RoadBlock,9.674841,,,0,,,0,,,0,,,0,,,0,,,0,,,0,,,0,,,0,,,0,,,0,,,0,,,0,,,0,,,0,,,0,,,0,,,0,,,0,,,0,,,0,,,0,,,0,,,0,-1712986,Pavement (1),7.497047,,,0,13.4786,3.928867,False,False,0,0,False,True,159.9442,1,1,-0.5839941
-1712986,Pavement (1),3.397221,-1712986,Pavement (1),2.838095,-1712986,Pavement (1),2.502507,-1712964,RoadBlock,7.664658,-1712964,RoadBlock,7.29676,-1712964,RoadBlock,7.169263,-1712964,RoadBlock,7.261652,-1712964,RoadBlock,7.588798,-1712964,RoadBlock,8.207124,-1712964,RoadBlock,9.240895,,,0,,,0,,,0,,,0,,,0,,,0,,,0,,,0,,,0,,,0,,,0,,,0,,,0,,,0,,,0,,,0,,,0,,,0,,,0,,,0,,,0,,,0,,,0,,,0,-1712986,Pavement (1),6.519256,,,0,13.46449,3.92247,False,False,0,0,True,True,160.4745,1,1,-0.7485485
-1712986,Pavement (1),2.699676,-1712986,Pavement (1),2.242046,-1712986,Pavement (1),1.968502,-1712964,RoadBlock,7.202635,-1712964,RoadBlock,6.835462,-1712964,RoadBlock,6.696305,-1712964,RoadBlock,6.762654,-1712964,RoadBlock,7.045177,-1712964,RoadBlock,7.592134,-1712964,RoadBlock,8.511497,,,0,,,0,,,0,,,0,,,0,,,0,,,0,,,0,,,0,,,0,,,0,,,0,,,0,,,0,,,0,,,0,,,0,,,0,,,0,,,0,,,0,,,0,,,0,,,0,-1712986,Pavement (1),5.328441,,,0,13.4521,3.826249,False,False,0,0,True,True,160.6848,1,1,-0.873354
-1712986,Pavement (1),2.276167,-1712986,Pavement (1),1.875598,-1712986,Pavement (1),1.637627,-1712964,RoadBlock,6.939583,-1712964,RoadBlock,6.559411,-1712964,RoadBlock,6.401943,-1712964,RoadBlock,6.441517,-1712964,RoadBlock,6.684505,-1712964,RoadBlock,7.171947,-1712964,RoadBlock,7.997975,-1712964,RoadBlock,9.361846,,,0,,,0,,,0,,,0,,,0,,,0,,,0,,,0,,,0,,,0,,,0,,,0,,,0,,,0,,,0,,,0,,,0,,,0,,,0,,,0,,,0,,,0,,,0,-1712986,Pavement (1),4.66948,,,0,13.43003,3.70482,False,False,0,0,True,True,161.2678,1,1,-1
-1712986,Pavement (1),1.690985,-1712986,Pavement (1),1.368277,-1712986,Pavement (1),1.179822,-1712964,RoadBlock,6.624354,-1712964,RoadBlock,6.205422,-1712964,RoadBlock,6.006837,-1712964,RoadBlock,5.995571,-1712964,RoadBlock,6.169883,-1712964,RoadBlock,6.558603,-1712964,RoadBlock,7.233638,-1712964,RoadBlock,8.34716,,,0,,,0,,,0,,,0,,,0,,,0,,,0,,,0,,,0,,,0,,,0,,,0,,,0,,,0,,,0,,,0,,,0,,,0,,,0,,,0,,,0,,,0,,,0,-1712986,Pavement (1),3.829553,,,0,13.41485,3.439674,False,False,0,0,True,True,161.5069,1,1,-1
-1712986,Pavement (1),1.328953,-1712986,Pavement (1),1.057306,-1712986,Pavement (1),0.9017337,-1712964,RoadBlock,6.476996,-1712964,RoadBlock,6.018747,-1712964,RoadBlock,5.784132,-1712964,RoadBlock,5.73327,-1712964,RoadBlock,5.858079,-1712964,RoadBlock,6.178927,-1712964,RoadBlock,6.753266,-1712964,RoadBlock,7.703882,-1712964,RoadBlock,9.297429,,,0,,,0,,,0,,,0,,,0,,,0,,,0,,,0,,,0,,,0,,,0,,,0,,,0,,,0,,,0,,,0,,,0,,,0,,,0,,,0,,,0,,,0,-1712986,Pavement (1),3.350509,,,0,13.39918,3.210064,False,False,0,0,True,True,161.8806,1,1,-1
-1712986,Pavement (1),0.8219717,-1712986,Pavement (1),0.6335457,-1712986,Pavement (1),0.5310699,-1712964,RoadBlock,6.373977,-1712964,RoadBlock,5.832255,-1712964,RoadBlock,5.529431,-1712964,RoadBlock,5.411369,-1712964,RoadBlock,5.458916,-1712964,RoadBlock,5.679753,-1712964,RoadBlock,6.111564,-1712964,RoadBlock,6.839213,-1712964,RoadBlock,8.042645,,,0,,,0,,,0,,,0,,,0,,,0,,,0,,,0,,,0,,,0,,,0,,,0,,,0,,,0,,,0,,,0,,,0,,,0,,,0,,,0,,,0,,,0,-1712986,Pavement (1),2.752356,,,0,13.37703,2.791392,False,False,0,0,True,True,162.45,1,1,-1
-1712986,Pavement (1),0.5068216,-1712986,Pavement (1),0.3851509,-1712986,Pavement (1),0.3234277,-1712964,RoadBlock,6.402604,-1712964,RoadBlock,5.783898,-1712964,RoadBlock,5.423924,-1712964,RoadBlock,5.255148,-1712964,RoadBlock,5.249531,-1712964,RoadBlock,5.406244,-1712964,RoadBlock,5.751312,-1712964,RoadBlock,6.348941,-1712964,RoadBlock,7.334912,-1712964,RoadBlock,9.011387,,,0,,,0,,,0,,,0,,,0,,,0,,,0,,,0,,,0,,,0,,,0,,,0,,,0,,,0,,,0,,,0,,,0,,,0,,,0,,,0,,,0,-1712986,Pavement (1),2.489618,,,0,13.36801,2.466857,False,False,0,0,True,True,162.8169,1,1,-1
-1712986,Pavement (1),0.1471243,-1712986,Pavement (1),0.1468075,-1712986,Pavement (1),0.1466974,-1712964,RoadBlock,6.631286,-1712964,RoadBlock,5.851132,-1712964,RoadBlock,5.381447,-1712964,RoadBlock,5.124726,-1712964,RoadBlock,5.035838,-1712964,RoadBlock,5.100472,-1712964,RoadBlock,5.329099,-1712964,RoadBlock,5.761327,-1712964,RoadBlock,6.484346,-1712964,RoadBlock,7.684034,-1712964,RoadBlock,9.799715,,,0,,,0,,,0,,,0,,,0,,,0,,,0,,,0,,,0,,,0,,,0,,,0,,,0,,,0,,,0,,,0,,,0,,,0,,,0,,,0,,,0,,,0,13.36127,1.924451,False,False,0,0,True,True,163.3752,1,1,-1
,,0,,,0,-1712964,RoadBlock,8.49052,-1712964,RoadBlock,6.930184,-1712964,RoadBlock,6.001216,-1712964,RoadBlock,5.437915,-1712964,RoadBlock,5.112622,-1712964,RoadBlock,4.964979,-1712964,RoadBlock,4.97061,-1712964,RoadBlock,5.130486,-1712964,RoadBlock,5.471334,-1712964,RoadBlock,6.05737,-1712964,RoadBlock,7.024277,-1712964,RoadBlock,8.676482,,,0,,,0,,,0,,,0,,,0,,,0,,,0,,,0,,,0,,,0,,,0,,,0,,,0,,,0,,,0,,,0,,,0,,,0,,,0,,,0,,,0,,,0,13.37914,1.540253,False,False,0,0,True,True,163.7278,1,1,-0.8771856
,,0,,,0,-1712964,RoadBlock,9.803635,-1712964,RoadBlock,7.621788,-1712964,RoadBlock,6.389135,-1712964,RoadBlock,5.648506,-1712964,RoadBlock,5.203296,-1712964,RoadBlock,4.961851,-1712964,RoadBlock,4.881954,-1712964,RoadBlock,4.950769,-1712964,RoadBlock,5.179465,-1712964,RoadBlock,5.607868,-1712964,RoadBlock,6.323127,-1712964,RoadBlock,7.511442,-1712964,RoadBlock,9.615829,,,0,,,0,,,0,,,0,,,0,,,0,,,0,,,0,,,0,,,0,,,0,,,0,,,0,,,0,,,0,,,0,,,0,,,0,,,0,,,0,,,0,13.40893,0.9659404,False,False,0,0,True,True,164.2623,1,1,-0.7073942
,,0,,,0,,,0,-1712964,RoadBlock,8.258012,-1712964,RoadBlock,6.755797,-1712964,RoadBlock,5.868457,-1712964,RoadBlock,5.330597,-1712964,RoadBlock,5.022091,-1712964,RoadBlock,4.886248,-1712964,RoadBlock,4.900738,-1712964,RoadBlock,5.067959,-1712964,RoadBlock,5.416011,-1712964,RoadBlock,6.011118,-1712964,RoadBlock,6.993263,-1712964,RoadBlock,8.678728,,,0,,,0,,,0,,,0,,,0,,,0,,,0,,,0,,,0,,,0,,,0,,,0,,,0,,,0,,,0,,,0,,,0,,,0,,,0,,,0,,,0,13.43858,0.6010211,False,False,0,0,True,True,164.8702,1,1,-0.5308942
,,0,,,0,,,0,-1712964,RoadBlock,9.490059,-1712964,RoadBlock,7.458902,-1712964,RoadBlock,6.304028,-1712964,RoadBlock,5.60723,-1712964,RoadBlock,5.190893,-1712964,RoadBlock,4.971618,-1712964,RoadBlock,4.911676,-1712964,RoadBlock,5.001503,-1712964,RoadBlock,5.255743,-1712964,RoadBlock,5.719368,-1712964,RoadBlock,6.489336,-1712964,RoadBlock,7.774518,,,0,,,0,,,0,,,0,,,0,,,0,,,0,,,0,,,0,,,0,,,0,,,0,,,0,,,0,,,0,,,0,,,0,,,0,,,0,,,0,,,0,13.45527,0.1012794,False,False,0,0,True,True,165.0746,1,1,-0.4147095
,,0,,,0,,,0,,,0,-1712964,RoadBlock,8.013021,-1712964,RoadBlock,6.649753,-1712964,RoadBlock,5.835681,-1712964,RoadBlock,5.343887,-1712964,RoadBlock,5.069728,-1712964,RoadBlock,4.964314,-1712964,RoadBlock,5.010569,-1712964,RoadBlock,5.215989,-1712964,RoadBlock,5.615736,-1712964,RoadBlock,6.288703,-1712964,RoadBlock,7.4023,-1712964,RoadBlock,9.345431,,,0,,,0,,,0,,,0,,,0,,,0,,,0,,,0,,,0,,,0,,,0,,,0,,,0,,,0,,,0,,,0,,,0,,,0,,,0,,,0,13.46898,0.190229,False,False,0,0,True,True,165.2727,1,1,-0.2507678
,,0,-1712986,Pavement (1),0.4731549,-1712986,Pavement (1),0.2041086,,,0,-1712964,RoadBlock,8.901706,-1712964,RoadBlock,7.202412,-1712964,RoadBlock,6.207973,-1712964,RoadBlock,5.604878,-1712964,RoadBlock,5.253504,-1712964,RoadBlock,5.087784,-1712964,RoadBlock,5.08018,-1712964,RoadBlock,5.229555,-1712964,RoadBlock,5.560696,-1712964,RoadBlock,6.135107,-1712964,RoadBlock,7.082874,-1712964,RoadBlock,8.693037,,,0,,,0,,,0,,,0,,,0,,,0,,,0,,,0,,,0,,,0,,,0,,,0,,,0,,,0,,,0,,,0,,,0,,,0,,,0,,,0,13.48352,0.5468919,False,False,0,0,True,True,165.7004,1,1,-0.08060212
,,0,-1712986,Pavement (1),2.446855,-1712986,Pavement (1),0.5494922,,,0,-1712964,RoadBlock,9.478728,-1712964,RoadBlock,7.560604,-1712964,RoadBlock,6.453115,-1712964,RoadBlock,5.782485,-1712964,RoadBlock,5.385948,-1712964,RoadBlock,5.186643,-1712964,RoadBlock,5.150905,-1712964,RoadBlock,5.273091,-1712964,RoadBlock,5.573248,-1712964,RoadBlock,6.105663,-1712964,RoadBlock,6.985884,-1712964,RoadBlock,8.466249,,,0,,,0,,,0,,,0,,,0,,,0,,,0,,,0,,,0,,,0,,,0,,,0,,,0,,,0,,,0,,,0,,,0,,,0,,,0,,,0,13.48663,0.7262376,False,False,0,0,True,True,165.9658,1,1,0
,,0,,,0,-1712986,Pavement (1),1.351239,,,0,,,0,-1712964,RoadBlock,8.060802,-1712964,RoadBlock,6.801724,-1712964,RoadBlock,6.042441,-1712964,RoadBlock,5.588169,-1712964,RoadBlock,5.347548,-1712964,RoadBlock,5.279096,-1712964,RoadBlock,5.371888,-1712964,RoadBlock,5.641005,-1712964,RoadBlock,6.133864,-1712964,RoadBlock,6.952898,-1712964,RoadBlock,8.31844,,,0,,,0,,,0,,,0,,,0,,,0,,,0,,,0,,,0,,,0,,,0,,,0,,,0,,,0,,,0,,,0,,,0,,,0,,,0,,,0,13.49347,0.923029,False,False,0,0,True,True,166.3508,1,1,0
,,0,,,0,-1712986,Pavement (1),2.046387,,,0,,,0,-1712964,RoadBlock,8.371805,-1712964,RoadBlock,7.022751,-1712964,RoadBlock,6.211592,-1712964,RoadBlock,5.724189,-1712964,RoadBlock,5.460633,-1712964,RoadBlock,5.374988,-1712964,RoadBlock,5.453513,-1712964,RoadBlock,5.708932,-1712964,RoadBlock,6.18573,-1712964,RoadBlock,6.981057,-1712964,RoadBlock,8.302652,,,0,,,0,,,0,,,0,,,0,,,0,,,0,,,0,,,0,,,0,,,0,,,0,,,0,,,0,,,0,,,0,,,0,,,0,,,0,,,0,13.49484,1.019014,False,False,0,0,True,True,166.5475,1,1,0
,,0,,,0,-1712986,Pavement (1),3.308738,,,0,,,0,-1712964,RoadBlock,8.81105,-1712964,RoadBlock,7.341001,-1712964,RoadBlock,6.460577,-1712964,RoadBlock,5.929549,-1712964,RoadBlock,5.636614,-1712964,RoadBlock,5.530027,-1712964,RoadBlock,5.5926,-1712964,RoadBlock,5.834453,-1712964,RoadBlock,6.297181,-1712964,RoadBlock,7.073107,-1712964,RoadBlock,8.358568,,,0,,,0,,,0,,,0,,,0,,,0,,,0,,,0,,,0,,,0,,,0,,,0,,,0,,,0,,,0,,,0,,,0,,,0,,,0,,,0,13.49533,1.126194,False,False,0,0,True,True,166.8973,1,1,0
,,0,,,0,-1712986,Pavement (1),4.279133,,,0,,,0,-1712964,RoadBlock,9.089106,-1712964,RoadBlock,7.54617,-1712964,RoadBlock,6.624173,-1712964,RoadBlock,6.067227,-1712964,RoadBlock,5.757244,-1712964,RoadBlock,5.639107,-1712964,RoadBlock,5.693705,-1712964,RoadBlock,5.92986,-1712964,RoadBlock,6.387968,-1712964,RoadBlock,7.158471,-1712964,RoadBlock,8.433397,,,0,,,0,,,0,,,0,,,0,,,0,,,0,,,0,,,0,,,0,,,0,,,0,,,0,,,0,,,0,,,0,,,0,,,0,,,0,,,0,13.49532,1.17956,False,False,0,0,True,True,167.3708,1,1,0
,,0,,,0,-1712986,Pavement (1),5.892066,,,0,,,0,-1712964,RoadBlock,9.488798,-1712964,RoadBlock,7.845977,-1712964,RoadBlock,6.86699,-1712964,RoadBlock,6.274767,-1712964,RoadBlock,5.94207,-1712964,RoadBlock,5.809251,-1712964,RoadBlock,5.85476,-1712964,RoadBlock,6.085945,-1712964,RoadBlock,6.542101,-1712964,RoadBlock,7.312281,-1712964,RoadBlock,8.585142,,,0,,,0,,,0,,,0,,,0,,,0,,,0,,,0,,,0,,,0,,,0,,,0,,,0,,,0,,,0,,,0,,,0,,,0,,,0,,,0,13.49529,1.240155,False,False,0,0,True,True,167.364,1,1,0
,,0,,,0,-1712986,Pavement (1),7.050474,,,0,,,0,-1712964,RoadBlock,9.745934,-1712964,RoadBlock,8.041693,-1712964,RoadBlock,7.027609,-1712964,RoadBlock,6.413773,-1712964,RoadBlock,6.067411,-1712964,RoadBlock,5.926167,-1712964,RoadBlock,5.967078,-1712964,RoadBlock,6.196755,-1712964,RoadBlock,6.654111,-1712964,RoadBlock,7.427922,-1712964,RoadBlock,8.706143,,,0,,,0,,,0,,,0,,,0,,,0,,,0,,,0,,,0,,,0,,,0,,,0,,,0,,,0,,,0,,,0,,,0,,,0,,,0,,,0,13.49526,1.270733,False,False,0,0,True,True,167.8033,1,1,0
,,0,,,0,-1712986,Pavement (1),8.877661,,,0,,,0,,,0,-1712964,RoadBlock,8.330508,-1712964,RoadBlock,7.267176,-1712964,RoadBlock,6.623127,-1712964,RoadBlock,6.257954,-1712964,RoadBlock,6.105602,-1712964,RoadBlock,6.14125,-1712964,RoadBlock,6.370661,-1712964,RoadBlock,6.832572,-1712964,RoadBlock,7.61606,-1712964,RoadBlock,8.909573,,,0,,,0,,,0,,,0,,,0,,,0,,,0,,,0,,,0,,,0,,,0,,,0,,,0,,,0,,,0,,,0,,,0,,,0,,,0,,,0,13.49525,1.305775,False,False,0,0,True,True,167.7749,1,1,0
,,0,,,0,,,0,,,0,,,0,,,0,-1712964,RoadBlock,8.520552,-1712964,RoadBlock,7.42621,-1712964,RoadBlock,6.763197,-1712964,RoadBlock,6.386379,-1712964,RoadBlock,6.227429,-1712964,RoadBlock,6.260424,-1712964,RoadBlock,6.490702,-1712964,RoadBlock,6.957072,-1712964,RoadBlock,7.749175,-1712964,RoadBlock,9.056604,,,0,,,0,,,0,,,0,,,0,,,0,,,0,,,0,,,0,,,0,,,0,,,0,,,0,,,0,,,0,,,0,,,0,,,0,,,0,,,0,13.49526,1.323584,False,False,0,0,True,True,167.7309,1,1,0
,,0,,,0,,,0,,,0,,,0,,,0,-1712964,RoadBlock,8.802728,-1712964,RoadBlock,7.664027,-1712964,RoadBlock,6.973937,-1712964,RoadBlock,6.580681,-1712964,RoadBlock,6.412761,-1712964,RoadBlock,6.442752,-1712964,RoadBlock,6.675515,-1712964,RoadBlock,7.150186,-1712964,RoadBlock,7.957662,-1712964,RoadBlock,9.290131,,,0,,,0,,,0,,,0,,,0,,,0,,,0,,,0,,,0,,,0,,,0,,,0,,,0,,,0,,,0,,,0,,,0,,,0,,,0,,,0,13.49528,1.344099,False,False,0,0,True,True,167.9778,1,1,0
,,0,,,0,,,0,,,0,,,0,,,0,-1712964,RoadBlock,8.989308,-1712964,RoadBlock,7.8222,-1712964,RoadBlock,7.114787,-1712964,RoadBlock,6.711126,-1712964,RoadBlock,6.537715,-1712964,RoadBlock,6.566222,-1712964,RoadBlock,6.801262,-1712964,RoadBlock,7.282319,-1712964,RoadBlock,8.101323,-1712964,RoadBlock,9.452654,,,0,,,0,,,0,,,0,,,0,,,0,,,0,,,0,,,0,,,0,,,0,,,0,,,0,,,0,,,0,,,0,,,0,,,0,,,0,,,0,13.4953,1.354569,False,False,0,0,True,True,168.1194,1,1,0
,,0,,,0,,,0,,,0,,,0,,,0,-1712964,RoadBlock,9.26743,-1712964,RoadBlock,8.059053,-1712964,RoadBlock,7.326512,-1712964,RoadBlock,6.907874,-1712964,RoadBlock,6.726799,-1712964,RoadBlock,6.75367,-1712964,RoadBlock,6.992849,-1712964,RoadBlock,7.484454,-1712964,RoadBlock,8.322215,-1712964,RoadBlock,9.704304,,,0,,,0,,,0,,,0,,,0,,,0,,,0,,,0,,,0,,,0,,,0,,,0,,,0,,,0,,,0,,,0,,,0,,,0,,,0,,,0,13.49532,1.366672,False,False,0,0,True,True,168.3636,1,1,0
,,0,,,0,,,0,,,0,,,0,,,0,-1712964,RoadBlock,9.451909,-1712964,RoadBlock,8.216758,-1712964,RoadBlock,7.467915,-1712964,RoadBlock,7.039639,-1712964,RoadBlock,6.853754,-1712964,RoadBlock,6.879852,-1712964,RoadBlock,7.122168,-1712964,RoadBlock,7.621321,-1712964,RoadBlock,8.472372,-1712964,RoadBlock,9.876268,,,0,,,0,,,0,,,0,,,0,,,0,,,0,,,0,,,0,,,0,,,0,,,0,,,0,,,0,,,0,,,0,,,0,,,0,,,0,,,0,13.49534,1.372871,False,False,0,0,False,True,168.7805,1,1,0
,,0,,,0,,,0,,,0,,,0,,,0,-1712964,RoadBlock,9.727585,-1712964,RoadBlock,8.453105,-1712964,RoadBlock,7.680348,-1712964,RoadBlock,7.238004,-1712964,RoadBlock,7.045257,-1712964,RoadBlock,7.070564,-1712964,RoadBlock,7.318032,-1712964,RoadBlock,7.829103,-1712964,RoadBlock,8.700977,,,0,,,0,,,0,,,0,,,0,,,0,,,0,,,0,,,0,,,0,,,0,,,0,,,0,,,0,,,0,,,0,,,0,,,0,,,0,,,0,,,0,13.49535,1.380052,False,False,0,0,False,True,168.7212,1,1,0
,,0,,,0,,,0,,,0,,,0,,,0,-1712964,RoadBlock,9.910826,-1712964,RoadBlock,8.610571,-1712964,RoadBlock,7.822157,-1712964,RoadBlock,7.370649,-1712964,RoadBlock,7.173515,-1712964,RoadBlock,7.19849,-1712964,RoadBlock,7.449629,-1712964,RoadBlock,7.968966,-1712964,RoadBlock,8.8552,,,0,,,0,,,0,,,0,,,0,,,0,,,0,,,0,,,0,,,0,,,0,,,0,,,0,,,0,,,0,,,0,,,0,,,0,,,0,,,0,,,0,13.49536,1.383736,False,False,0,0,False,True,169.1604,1,1,0
,,0,,,0,,,0,,,0,,,0,,,0,,,0,-1712964,RoadBlock,8.839409,-1712964,RoadBlock,8.030215,-1712964,RoadBlock,7.566865,-1712964,RoadBlock,7.364684,-1712964,RoadBlock,7.390585,-1712964,RoadBlock,7.648773,-1712964,RoadBlock,8.182466,-1712964,RoadBlock,9.093077,,,0,,,0,,,0,,,0,,,0,,,0,,,0,,,0,,,0,,,0,,,0,,,0,,,0,,,0,,,0,,,0,,,0,,,0,,,0,,,0,,,0,13.49409,1.382643,False,False,0,0,False,True,168.9502,1,1,0.1677172
,,0,,,0,,,0,,,0,,,0,,,0,,,0,-1712964,RoadBlock,8.967571,-1712964,RoadBlock,8.152536,-1712964,RoadBlock,7.686894,-1712964,RoadBlock,7.485797,-1712964,RoadBlock,7.516381,-1712964,RoadBlock,7.783589,-1712964,RoadBlock,8.332217,-1712964,RoadBlock,9.26684,,,0,,,0,,,0,,,0,,,0,,,0,,,0,,,0,,,0,,,0,,,0,,,0,,,0,,,0,,,0,,,0,,,0,,,0,,,0,,,0,,,0,13.48987,1.364095,False,False,0,0,False,True,169.0904,1,1,0.2854499
,,0,,,0,,,0,,,0,,,0,,,0,,,0,-1712964,RoadBlock,9.113842,-1712964,RoadBlock,8.30442,-1712964,RoadBlock,7.845437,-1712964,RoadBlock,7.653987,-1712964,RoadBlock,7.698907,-1712964,RoadBlock,7.987428,-1712964,RoadBlock,8.568153,-1712964,RoadBlock,9.552906,,,0,,,0,,,0,,,0,,,0,,,0,,,0,,,0,,,0,,,0,,,0,,,0,,,0,,,0,,,0,,,0,,,0,,,0,,,0,,,0,,,0,13.49242,1.305841,False,False,0,0,False,True,169.3064,1,1,0.1093623
,,0,,,0,,,0,,,0,,,0,,,0,,,0,-1712964,RoadBlock,9.208161,-1712964,RoadBlock,8.402655,-1712964,RoadBlock,7.94826,-1712964,RoadBlock,7.763344,-1712964,RoadBlock,7.817877,-1712964,RoadBlock,8.120634,-1712964,RoadBlock,8.72279,-1712964,RoadBlock,9.74105,,,0,,,0,,,0,,,0,,,0,,,0,,,0,,,0,,,0,,,0,,,0,,,0,,,0,,,0,,,0,,,0,,,0,,,0,,,0,,,0,,,0,13.49386,1.268143,False,False,0,0,False,True,169.4408,1,1,0
,,0,,,0,,,0,,,0,,,0,,,0,,,0,-1712964,RoadBlock,9.361456,-1712964,RoadBlock,8.556615,-1712964,RoadBlock,8.105421,-1712964,RoadBlock,7.927294,-1712964,RoadBlock,7.993391,-1712964,RoadBlock,8.314336,-1712964,RoadBlock,8.944603,-1712964,RoadBlock,10.00729,,,0,,,0,,,0,,,0,,,0,,,0,,,0,,,0,,,0,,,0,,,0,,,0,,,0,,,0,,,0,,,0,,,0,,,0,,,0,,,0,,,0,13.49483,1.225389,False,False,0,0,False,True,169.6957,1,1,0
,,0,,,0,,,0,,,0,,,0,,,0,,,0,-1712964,RoadBlock,9.469118,-1712964,RoadBlock,8.66215,-1712964,RoadBlock,8.211254,-1712964,RoadBlock,8.036135,-1712964,RoadBlock,8.108481,-1712964,RoadBlock,8.439915,-1712964,RoadBlock,9.086813,,,0,,,0,,,0,,,0,,,0,,,0,,,0,,,0,,,0,,,0,,,0,,,0,,,0,,,0,,,0,,,0,,,0,,,0,,,0,,,0,,,0,,,0,13.49512,1.203822,False,False,0,0,False,True,169.8253,1,1,0
,,0,,,0,,,0,,,0,,,0,,,0,,,0,-1712964,RoadBlock,9.618705,-1712964,RoadBlock,8.811535,-1712964,RoadBlock,8.363202,-1712964,RoadBlock,8.194289,-1712964,RoadBlock,8.277542,-1712964,RoadBlock,8.626335,-1712964,RoadBlock,9.30021,,,0,,,0,,,0,,,0,,,0,,,0,,,0,,,0,,,0,,,0,,,0,,,0,,,0,,,0,,,0,,,0,,,0,,,0,,,0,,,0,,,0,,,0,13.49286,1.166344,False,False,0,0,False,True,170.064,1,1,0.1728886
,,0,,,0,,,0,,,0,,,0,,,0,,,0,-1712964,RoadBlock,9.68975,-1712964,RoadBlock,8.891199,-1712964,RoadBlock,8.450885,-1712964,RoadBlock,8.291248,-1712964,RoadBlock,8.386598,-1712964,RoadBlock,8.752253,-1712964,RoadBlock,9.450917,,,0,,,0,,,0,,,0,,,0,,,0,,,0,,,0,,,0,,,0,,,0,,,0,,,0,,,0,,,0,,,0,,,0,,,0,,,0,,,0,,,0,,,0,13.48396,1.123013,False,False,0,0,False,True,170.5197,1,1,0.337849
,,0,,,0,,,0,,,0,,,0,,,0,,,0,-1712964,RoadBlock,9.725235,-1712964,RoadBlock,8.961349,-1712964,RoadBlock,8.548943,-1712964,RoadBlock,8.416388,-1712964,RoadBlock,8.542466,-1712964,RoadBlock,8.947496,-1712964,RoadBlock,9.701794,,,0,,,0,,,0,,,0,,,0,,,0,,,0,,,0,,,0,,,0,,,0,,,0,,,0,,,0,,,0,,,0,,,0,,,0,,,0,,,0,,,0,,,0,13.47501,1.010858,False,False,0,0,False,True,170.4866,1,1,0.4534385
,,0,,,0,,,0,,,0,,,0,,,0,,,0,-1712964,RoadBlock,9.702724,-1712964,RoadBlock,8.975348,-1712964,RoadBlock,8.591616,-1712964,RoadBlock,8.485686,-1712964,RoadBlock,8.640683,-1712964,RoadBlock,9.081674,-1712964,RoadBlock,9.886203,,,0,,,0,,,0,,,0,,,0,,,0,,,0,,,0,,,0,,,0,,,0,,,0,,,0,,,0,,,0,,,0,,,0,,,0,,,0,,,0,,,0,,,0,13.48007,0.9056339,False,False,0,0,False,True,170.4675,1,1,0.284322
,,0,,,0,,,0,,,0,,,0,,,0,,,0,-1712964,RoadBlock,9.654341,-1712964,RoadBlock,8.982517,-1712964,RoadBlock,8.642919,-1712964,RoadBlock,8.578259,-1712964,RoadBlock,8.778306,-1712964,RoadBlock,9.27567,,,0,,,0,,,0,,,0,,,0,,,0,,,0,,,0,,,0,,,0,,,0,,,0,,,0,,,0,,,0,,,0,,,0,,,0,,,0,,,0,,,0,,,0,,,0,13.4896,0.7451572,False,False,0,0,False,True,170.7326,1,1,0.1188224
,,0,,,0,,,0,,,0,,,0,,,0,,,0,-1712964,RoadBlock,9.620267,-1712964,RoadBlock,8.983212,-1712964,RoadBlock,8.671654,-1712964,RoadBlock,8.633542,-1712964,RoadBlock,8.862887,-1712964,RoadBlock,9.397298,,,0,,,0,,,0,,,0,,,0,,,0,,,0,,,0,,,0,,,0,,,0,,,0,,,0,,,0,,,0,,,0,,,0,,,0,,,0,,,0,,,0,,,0,,,0,13.48929,0.643203,False,False,0,0,False,True,170.8741,1,1,0.2402911
,,0,,,0,,,0,,,0,,,0,,,0,,,0,-1712964,RoadBlock,9.539095,-1712964,RoadBlock,8.960059,-1712964,RoadBlock,8.695581,-1712964,RoadBlock,8.702109,-1712964,RoadBlock,8.980761,-1712964,RoadBlock,9.577779,,,0,,,0,,,0,,,0,,,0,,,0,,,0,,,0,,,0,,,0,,,0,,,0,,,0,,,0,,,0,,,0,,,0,,,0,,,0,,,0,,,0,,,0,,,0,13.47975,0.4737651,False,False,0,0,False,True,171.1415,1,1,0.4063345
,,0,,,0,,,0,,,0,,,0,,,0,,,0,-1712964,RoadBlock,9.451782,-1712964,RoadBlock,8.91973,-1712964,RoadBlock,8.69362,-1712964,RoadBlock,8.736594,-1712964,RoadBlock,9.055569,-1712964,RoadBlock,9.704097,,,0,,,0,,,0,,,0,,,0,,,0,,,0,,,0,,,0,,,0,,,0,,,0,,,0,,,0,,,0,,,0,,,0,,,0,,,0,,,0,,,0,,,0,,,0,13.46928,0.3364182,False,False,0,0,False,True,171.203,1,1,0.4529385
,,0,,,0,,,0,,,0,,,0,,,0,,,0,-1712964,RoadBlock,9.289098,-1712964,RoadBlock,8.833095,-1712964,RoadBlock,8.669989,-1712964,RoadBlock,8.77354,-1712964,RoadBlock,9.160393,-1712964,RoadBlock,9.896976,,,0,,,0,,,0,,,0,,,0,,,0,,,0,,,0,,,0,,,0,,,0,,,0,,,0,,,0,,,0,,,0,,,0,,,0,,,0,,,0,,,0,,,0,,,0,13.48151,0.1088227,False,False,0,0,False,True,171.4747,1,1,0.2875341
,,0,,,0,,,0,,,0,,,0,,,0,,,0,-1712964,RoadBlock,9.180431,-1712964,RoadBlock,8.771091,-1712964,RoadBlock,8.647295,-1712964,RoadBlock,8.789269,-1712964,RoadBlock,9.219923,,,0,,,0,,,0,,,0,,,0,,,0,,,0,,,0,,,0,,,0,,,0,,,0,,,0,,,0,,,0,,,0,,,0,,,0,,,0,,,0,,,0,,,0,,,0,,,0,13.48722,0.03533257,False,False,0,0,False,True,171.6242,1,1,0.167283
,,0,,,0,,,0,,,0,,,0,,,0,,,0,-1712964,RoadBlock,9.03937,-1712964,RoadBlock,8.685388,-1712964,RoadBlock,8.608817,-1712964,RoadBlock,8.797522,-1712964,RoadBlock,9.282191,,,0,,,0,,,0,,,0,,,0,,,0,,,0,,,0,,,0,,,0,,,0,,,0,,,0,,,0,,,0,,,0,,,0,,,0,,,0,,,0,,,0,,,0,,,0,,,0,13.49056,0.2107018,False,False,0,0,False,True,171.8874,1,1,0
,,0,,,0,,,0,,,0,,,0,,,0,,,0,,,0,-1712964,RoadBlock,8.633824,-1712964,RoadBlock,8.580277,-1712964,RoadBlock,8.791839,-1712964,RoadBlock,9.303075,,,0,,,0,,,0,,,0,,,0,,,0,,,0,,,0,,,0,,,0,,,0,,,0,,,0,,,0,,,0,,,0,,,0,,,0,,,0,,,0,,,0,,,0,,,0,,,0,13.494,0.297131,False,False,0,0,False,True,172.3715,1,1,0
,,0,,,0,,,0,,,0,,,0,,,0,,,0,,,0,-1712964,RoadBlock,8.559124,-1712964,RoadBlock,8.531065,-1712964,RoadBlock,8.767679,-1712964,RoadBlock,9.30787,,,0,,,0,,,0,,,0,,,0,,,0,,,0,,,0,,,0,,,0,,,0,,,0,,,0,,,0,,,0,,,0,,,0,,,0,,,0,,,0,,,0,,,0,,,0,,,0,13.49491,0.393647,False,False,0,0,False,True,172.3586,1,1,0
,,0,,,0,,,0,,,0,,,0,,,0,,,0,,,0,-1712964,RoadBlock,8.509349,-1712964,RoadBlock,8.493864,-1712964,RoadBlock,8.742554,-1712964,RoadBlock,9.296432,,,0,,,0,,,0,,,0,,,0,,,0,,,0,,,0,,,0,,,0,,,0,,,0,,,0,,,0,,,0,,,0,,,0,,,0,,,0,,,0,,,0,,,0,,,0,,,0,13.49524,0.441722,False,False,0,0,False,True,172.4288,1,1,0
,,0,,,0,,,0,,,0,,,0,,,0,,,0,,,0,-1713448,RoadBlock,9.474063,-1712964,RoadBlock,8.434145,-1712964,RoadBlock,8.696997,-1712964,RoadBlock,9.266334,,,0,,,0,,,0,,,0,,,0,,,0,,,0,,,0,,,0,,,0,,,0,,,0,,,0,,,0,,,0,,,0,,,0,,,0,,,0,,,0,,,0,,,0,,,0,,,0,13.55188,0.0658799,False,False,0,0,False,True,172.9459,1,1,0
-1713046,RoadBlock,8.585723,-1713046,RoadBlock,9.249775,,,0,,,0,,,0,,,0,,,0,,,0,-1713448,RoadBlock,9.57329,-1712964,RoadBlock,8.388768,-1712964,RoadBlock,8.659022,-1712964,RoadBlock,9.23611,,,0,,,0,,,0,,,0,,,0,,,0,,,0,,,0,,,0,,,0,,,0,,,0,,,0,,,0,,,0,,,0,,,0,,,0,,,0,,,0,,,0,,,0,,,0,,,0,13.47697,0.529591,False,False,0,0,False,True,173.0643,1,1,0
-1713046,RoadBlock,6.387639,-1713046,RoadBlock,5.673601,-1713046,RoadBlock,5.969898,,,0,,,0,,,0,,,0,,,0,-1713468,RoadBlock,9.697772,-1713448,RoadBlock,9.236162,-1712964,RoadBlock,8.592988,-1712964,RoadBlock,9.176751,,,0,,,0,,,0,,,0,,,0,,,0,,,0,,,0,,,0,,,0,,,0,,,0,,,0,,,0,,,0,,,0,,,0,,,0,,,0,,,0,,,0,,,0,-1713046,RoadBlock,9.690726,,,0,13.50435,0,False,False,0,0,False,True,173.5004,1,1,0
-1713046,RoadBlock,5.834161,-1713046,RoadBlock,5.689999,-1713046,RoadBlock,5.919604,,,0,,,0,,,0,,,0,,,0,-1713468,RoadBlock,9.706005,-1713448,RoadBlock,9.340328,-1712964,RoadBlock,8.544588,-1712964,RoadBlock,9.130356,,,0,,,0,,,0,,,0,,,0,,,0,,,0,,,0,,,0,,,0,,,0,,,0,,,0,,,0,,,0,,,0,,,0,,,0,,,0,,,0,,,0,,,0,-1713046,RoadBlock,8.828536,,,0,13.49904,0.01747162,False,False,0,0,False,True,173.8082,1,1,0
,,0,,,0,,,0,,,0,,,0,,,0,,,0,,,0,-1713468,RoadBlock,9.719093,-1713448,RoadBlock,9.496181,-1712964,RoadBlock,8.468247,-1712964,RoadBlock,9.05463,,,0,,,0,,,0,,,0,,,0,,,0,,,0,,,0,,,0,,,0,,,0,,,0,,,0,,,0,,,0,,,0,,,0,,,0,,,0,,,0,,,0,,,0,,,0,,,0,13.43974,0.03800181,False,False,0,0,False,True,174.3196,1,1,0
,,0,,,0,,,0,,,0,,,0,,,0,,,0,,,0,-1713468,RoadBlock,9.724999,-1713468,RoadBlock,9.549115,-1713448,RoadBlock,9.42243,-1712964,RoadBlock,9.002396,-1712964,RoadBlock,10.00415,,,0,,,0,,,0,,,0,,,0,,,0,,,0,,,0,,,0,,,0,,,0,,,0,,,0,,,0,,,0,,,0,,,0,,,0,,,0,,,0,,,0,,,0,,,0,13.55555,0.05399537,False,False,0,0,False,True,174.6887,1,1,0.1334712
,,0,,,0,,,0,,,0,,,0,,,0,,,0,,,0,,,0,-1713468,RoadBlock,9.551481,-1713448,RoadBlock,9.56535,-1712964,RoadBlock,8.932053,-1712964,RoadBlock,9.946357,,,0,,,0,,,0,,,0,,,0,,,0,,,0,,,0,,,0,,,0,,,0,,,0,,,0,,,0,,,0,,,0,,,0,,,0,,,0,,,0,,,0,,,0,,,0,13.48152,1.02115,False,False,0,0,False,True,175.2899,1,1,0.3071158
,,0,,,0,,,0,,,0,,,0,,,0,,,0,,,0,,,0,-1713468,RoadBlock,9.542981,-1713448,RoadBlock,9.650985,,,0,-1712964,RoadBlock,9.92269,,,0,,,0,,,0,,,0,,,0,,,0,,,0,,,0,,,0,,,0,,,0,,,0,,,0,,,0,,,0,,,0,,,0,,,0,,,0,,,0,,,0,,,0,,,0,13.48672,5.220182,False,False,0,0,False,True,175.6517,1,1,0.1771356
,,0,,,0,,,0,,,0,,,0,,,0,,,0,,,0,,,0,-1713468,RoadBlock,9.52251,-1713468,RoadBlock,9.695013,-1713448,RoadBlock,9.94736,-1712964,RoadBlock,9.878775,,,0,,,0,,,0,,,0,,,0,,,0,,,0,,,0,,,0,,,0,,,0,,,0,,,0,,,0,,,0,,,0,,,0,,,0,,,0,,,0,,,0,,,0,,,0,13.49269,5.302437,False,False,0,0,False,True,176.2844,1,1,0.04918592
,,0,,,0,,,0,,,0,,,0,,,0,,,0,,,0,,,0,-1713448,RoadBlock,9.963372,-1713468,RoadBlock,9.692191,,,0,-1712964,RoadBlock,9.831919,,,0,,,0,,,0,,,0,,,0,,,0,,,0,,,0,,,0,,,0,,,0,,,0,,,0,,,0,,,0,,,0,,,0,,,0,,,0,,,0,,,0,,,0,,,0,13.49388,5.346644,False,False,0,0,False,True,176.5506,1,1,0
,,0,,,0,,,0,,,0,,,0,,,0,,,0,,,0,,,0,,,0,-1713468,RoadBlock,9.681127,,,0,,,0,,,0,,,0,,,0,,,0,,,0,,,0,,,0,,,0,,,0,,,0,,,0,,,0,,,0,,,0,,,0,,,0,,,0,,,0,,,0,,,0,,,0,,,0,,,0,13.49382,5.410003,False,False,0,0,False,True,177.1272,1,1,0.1390769
,,0,,,0,,,0,,,0,,,0,,,0,,,0,,,0,,,0,,,0,-1713468,RoadBlock,9.67026,,,0,,,0,,,0,,,0,,,0,,,0,,,0,,,0,,,0,,,0,,,0,,,0,,,0,,,0,,,0,,,0,,,0,,,0,,,0,,,0,,,0,,,0,,,0,,,0,,,0,13.48869,5.46615,False,False,0,0,False,True,177.3922,1,1,0.2841907
,,0,,,0,,,0,,,0,,,0,,,0,,,0,,,0,,,0,,,0,,,0,,,0,,,0,,,0,,,0,,,0,,,0,,,0,,,0,,,0,,,0,,,0,,,0,,,0,,,0,,,0,,,0,,,0,,,0,,,0,,,0,,,0,,,0,,,0,,,0,,,0,13.48687,0.6019596,False,False,0,0,False,True,177.851,1,1,0.2581575
,,0,,,0,,,0,,,0,,,0,,,0,,,0,,,0,,,0,,,0,,,0,,,0,,,0,,,0,,,0,,,0,,,0,,,0,,,0,,,0,,,0,,,0,,,0,,,0,,,0,,,0,,,0,,,0,,,0,,,0,,,0,,,0,,,0,,,0,,,0,,,0,13.49199,0.5169688,False,False,0,0,False,True,178.0932,1,1,0.1234828
,,0,,,0,,,0,,,0,,,0,,,0,,,0,,,0,,,0,,,0,,,0,,,0,,,0,,,0,,,0,,,0,,,0,,,0,,,0,,,0,,,0,,,0,,,0,,,0,,,0,,,0,,,0,,,0,,,0,,,0,,,0,,,0,,,0,,,0,,,0,,,0,13.49355,0.4116801,False,False,0,0,False,True,178.4797,1,1,0
,,0,,,0,,,0,,,0,,,0,,,0,,,0,,,0,,,0,,,0,,,0,,,0,,,0,,,0,,,0,,,0,,,0,,,0,,,0,,,0,,,0,,,0,,,0,,,0,,,0,,,0,,,0,,,0,,,0,,,0,,,0,,,0,,,0,,,0,,,0,,,0,13.49336,0.3531194,False,False,0,0,False,True,179.1287,1,1,0.1391787
,,0,,,0,,,0,,,0,,,0,,,0,,,0,,,0,,,0,,,0,,,0,,,0,,,0,,,0,,,0,,,0,,,0,,,0,,,0,,,0,,,0,,,0,,,0,,,0,,,0,,,0,,,0,,,0,,,0,,,0,,,0,,,0,,,0,,,0,,,0,,,0,13.48875,0.2549983,False,False,0,0,False,True,179.1282,1,1,0.2706555
,,0,,,0,,,0,,,0,,,0,,,0,,,0,,,0,,,0,,,0,,,0,,,0,,,0,,,0,,,0,,,0,,,0,,,0,,,0,,,0,,,0,,,0,,,0,,,0,,,0,,,0,,,0,,,0,,,0,,,0,,,0,,,0,,,0,,,0,,,0,,,0,13.47635,0.1682849,False,False,0,0,False,True,179.6697,1,1,0.4401385
,,0,,,0,,,0,,,0,,,0,,,0,,,0,,,0,,,0,,,0,,,0,,,0,,,0,,,0,,,0,,,0,,,0,,,0,,,0,,,0,,,0,,,0,,,0,,,0,,,0,,,0,,,0,,,0,,,0,,,0,,,0,,,0,,,0,,,0,,,0,,,0,13.48219,0.003957411,False,False,0,0,False,True,179.6351,1,1,0.3228368
,,0,,,0,,,0,,,0,,,0,,,0,,,0,,,0,,,0,,,0,,,0,,,0,,,0,,,0,,,0,,,0,,,0,,,0,,,0,,,0,,,0,,,0,,,0,,,0,,,0,,,0,,,0,,,0,,,0,,,0,,,0,,,0,,,0,,,0,,,0,,,0,13.48828,0.1212413,False,False,0,0,False,True,179.6381,1,1,0.1536306
,,0,,,0,,,0,,,0,,,0,,,0,,,0,,,0,,,0,,,0,,,0,,,0,,,0,,,0,,,0,,,0,,,0,,,0,,,0,,,0,,,0,,,0,,,0,,,0,,,0,,,0,,,0,,,0,,,0,,,0,,,0,,,0,,,0,,,0,,,0,,,0,13.49143,0.2695302,False,False,0,0,False,True,179.876,1,1,0
,,0,,,0,,,0,,,0,,,0,,,0,,,0,,,0,,,0,,,0,,,0,,,0,,,0,,,0,,,0,,,0,,,0,,,0,,,0,,,0,,,0,,,0,,,0,,,0,,,0,,,0,,,0,,,0,,,0,,,0,,,0,,,0,,,0,,,0,,,0,,,0,13.49417,0.7761499,False,False,0,0,False,True,179.9305,1,1,0.1390737
,,0,,,0,,,0,,,0,,,0,,,0,,,0,,,0,,,0,,,0,,,0,,,0,,,0,,,0,,,0,,,0,,,0,,,0,,,0,,,0,,,0,,,0,,,0,,,0,,,0,,,0,,,0,,,0,,,0,,,0,,,0,,,0,,,0,,,0,,,0,,,0,13.48934,0.6549127,False,False,0,0,False,True,180.143,1,1,0.3076574
,,0,,,0,,,0,,,0,,,0,,,0,,,0,,,0,,,0,,,0,,,0,,,0,,,0,,,0,,,0,,,0,,,0,,,0,,,0,,,0,,,0,,,0,,,0,,,0,,,0,,,0,,,0,,,0,,,0,,,0,,,0,,,0,,,0,,,0,,,0,,,0,13.49135,0.5655656,False,False,0,0,False,True,180.264,1,1,0.1909246
,,0,,,0,,,0,,,0,,,0,,,0,,,0,,,0,,,0,,,0,,,0,,,0,,,0,,,0,,,0,,,0,,,0,,,0,,,0,,,0,,,0,,,0,,,0,,,0,,,0,,,0,,,0,,,0,,,0,,,0,,,0,,,0,,,0,,,0,,,0,,,0,13.4939,0.4444008,False,False,0,0,False,True,180.4778,1,1,0.0272837
,,0,,,0,,,0,,,0,,,0,,,0,,,0,,,0,,,0,,,0,,,0,,,0,,,0,,,0,,,0,,,0,,,0,,,0,,,0,,,0,,,0,,,0,,,0,,,0,,,0,,,0,,,0,,,0,,,0,,,0,,,0,,,0,,,0,,,0,,,0,,,0,13.49477,0.3823116,False,False,0,0,False,True,180.9359,1,1,0
,,0,,,0,,,0,,,0,,,0,,,0,,,0,,,0,,,0,,,0,,,0,,,0,,,0,,,0,,,0,,,0,,,0,,,0,,,0,,,0,,,0,,,0,,,0,,,0,,,0,,,0,,,0,,,0,,,0,,,0,,,0,,,0,,,0,,,0,,,0,,,0,13.49492,0.306823,False,False,0,0,False,True,180.7557,1,1,0.1279399
,,0,,,0,,,0,,,0,,,0,,,0,,,0,,,0,,,0,,,0,,,0,,,0,,,0,,,0,,,0,,,0,,,0,,,0,,,0,,,0,,,0,,,0,,,0,,,0,,,0,,,0,,,0,,,0,,,0,,,0,,,0,,,0,,,0,,,0,,,0,,,0,13.49135,0.2516528,False,False,0,0,False,True,181.2093,1,1,0.1935043
,,0,,,0,,,0,,,0,,,0,,,0,,,0,,,0,,,0,,,0,,,0,,,0,,,0,,,0,,,0,,,0,,,0,,,0,,,0,,,0,,,0,,,0,,,0,,,0,,,0,,,0,,,0,,,0,,,0,,,0,,,0,,,0,,,0,,,0,,,0,,,0,13.49469,0.1598633,False,False,0,0,False,True,181.0294,1,1,0.07154873
,,0,,,0,,,0,,,0,,,0,,,0,,,0,,,0,,,0,,,0,,,0,,,0,,,0,,,0,,,0,,,0,,,0,,,0,,,0,,,0,,,0,,,0,,,0,,,0,,,0,,,0,,,0,,,0,,,0,,,0,,,0,,,0,,,0,,,0,,,0,,,0,13.49453,0.1099852,False,False,0,0,False,True,180.9439,1,1,0
,,0,,,0,,,0,,,0,,,0,,,0,,,0,,,0,,,0,,,0,,,0,,,0,,,0,,,0,,,0,,,0,,,0,,,0,,,0,,,0,,,0,,,0,,,0,,,0,,,0,,,0,,,0,,,0,,,0,,,0,,,0,,,0,,,0,,,0,,,0,,,0,13.49519,0.05200233,False,False,0,0,False,True,181.1159,1,1,0.05037621
,,0,,,0,,,0,,,0,,,0,,,0,,,0,,,0,,,0,,,0,,,0,,,0,,,0,,,0,,,0,,,0,,,0,,,0,,,0,,,0,,,0,,,0,,,0,,,0,,,0,,,0,,,0,,,0,,,0,,,0,,,0,,,0,,,0,,,0,,,0,,,0,13.49329,0.01203343,False,False,0,0,False,True,181.1767,1,1,0.1764497
,,0,,,0,,,0,,,0,,,0,,,0,,,0,,,0,,,0,,,0,,,0,,,0,,,0,,,0,,,0,,,0,,,0,,,0,,,0,,,0,,,0,,,0,,,0,,,0,,,0,,,0,,,0,,,0,,,0,,,0,,,0,,,0,,,0,,,0,,,0,,,0,13.49298,0.06792623,False,False,0,0,False,True,181.3306,1,1,0.1443632
,,0,,,0,,,0,,,0,,,0,,,0,,,0,,,0,,,0,,,0,,,0,,,0,,,0,,,0,,,0,,,0,,,0,,,0,,,0,,,0,,,0,,,0,,,0,,,0,,,0,,,0,,,0,,,0,,,0,,,0,,,0,,,0,,,0,,,0,,,0,,,0,13.49471,0.1200242,False,False,0,0,False,True,181.406,1,1,0.02549936
,,0,,,0,,,0,,,0,,,0,,,0,,,0,,,0,,,0,,,0,,,0,,,0,,,0,,,0,,,0,,,0,,,0,,,0,,,0,,,0,,,0,,,0,,,0,,,0,,,0,,,0,,,0,,,0,,,0,,,0,,,0,,,0,,,0,,,0,,,0,,,0,13.49506,0.179929,False,False,0,0,False,True,181.5615,1,1,0
,,0,,,0,,,0,,,0,,,0,,,0,,,0,,,0,,,0,,,0,,,0,,,0,,,0,,,0,,,0,,,0,,,0,,,0,,,0,,,0,,,0,,,0,,,0,,,0,,,0,,,0,,,0,,,0,,,0,,,0,,,0,,,0,,,0,,,0,,,0,,,0,13.49323,0.2153586,False,False,0,0,False,True,181.9666,1,1,0.1778084
,,0,,,0,,,0,,,0,,,0,,,0,,,0,,,0,,,0,,,0,,,0,,,0,,,0,,,0,,,0,,,0,,,0,,,0,,,0,,,0,,,0,,,0,,,0,,,0,,,0,,,0,,,0,,,0,,,0,,,0,,,0,,,0,,,0,,,0,,,0,,,0,13.48811,0.8369591,False,False,0,0,False,True,181.7378,1,1,0.2942064
,,0,,,0,,,0,,,0,,,0,,,0,,,0,,,0,,,0,,,0,,,0,,,0,,,0,,,0,,,0,,,0,,,0,,,0,,,0,,,0,,,0,,,0,,,0,,,0,,,0,,,0,,,0,,,0,,,0,,,0,,,0,,,0,,,0,,,0,,,0,,,0,13.49308,0.7722375,False,False,0,0,False,True,182.1684,1,1,0.1265308
,,0,,,0,,,0,,,0,,,0,,,0,,,0,,,0,,,0,,,0,,,0,,,0,,,0,,,0,,,0,,,0,,,0,,,0,,,0,,,0,,,0,,,0,,,0,,,0,,,0,,,0,,,0,,,0,,,0,,,0,,,0,,,0,,,0,,,0,,,0,,,0,13.49393,0.6810259,False,False,0,0,False,True,181.7486,1,1,0
,,0,,,0,,,0,,,0,,,0,,,0,,,0,,,0,,,0,,,0,,,0,,,0,,,0,,,0,,,0,,,0,,,0,,,0,,,0,,,0,,,0,,,0,,,0,,,0,,,0,,,0,,,0,,,0,,,0,,,0,,,0,,,0,,,0,,,0,,,0,,,0,13.49458,0.6291587,False,False,0,0,False,True,181.7705,1,1,0.1274322
,,0,,,0,,,0,,,0,,,0,,,0,,,0,,,0,,,0,,,0,,,0,,,0,,,0,,,0,,,0,,,0,,,0,,,0,,,0,,,0,,,0,,,0,,,0,,,0,,,0,,,0,,,0,,,0,,,0,,,0,,,0,,,0,,,0,,,0,,,0,,,0,13.48854,0.5384238,False,False,0,0,False,True,181.8855,1,1,0.2922263
,,0,,,0,,,0,,,0,,,0,,,0,,,0,,,0,,,0,,,0,,,0,,,0,,,0,,,0,,,0,,,0,,,0,,,0,,,0,,,0,,,0,,,0,,,0,,,0,,,0,,,0,,,0,,,0,,,0,,,0,,,0,,,0,,,0,,,0,,,0,,,0,13.49166,0.4652069,False,False,0,0,False,True,181.9318,1,1,0.1752605
,,0,,,0,,,0,,,0,,,0,,,0,,,0,,,0,,,0,,,0,,,0,,,0,,,0,,,0,,,0,,,0,,,0,,,0,,,0,,,0,,,0,,,0,,,0,,,0,,,0,,,0,,,0,,,0,,,0,,,0,,,0,,,0,,,0,,,0,,,0,,,0,13.4938,0.3667361,False,False,0,0,False,True,181.9983,1,1,0.0007570684
,,0,,,0,,,0,,,0,,,0,,,0,,,0,,,0,,,0,,,0,,,0,,,0,,,0,,,0,,,0,,,0,,,0,,,0,,,0,,,0,,,0,,,0,,,0,,,0,,,0,,,0,,,0,,,0,,,0,,,0,,,0,,,0,,,0,,,0,,,0,,,0,13.49467,0.3155233,False,False,0,0,False,True,182.4244,1,1,0.09941007
,,0,,,0,,,0,,,0,,,0,,,0,,,0,,,0,,,0,,,0,,,0,,,0,,,0,,,0,,,0,,,0,,,0,,,0,,,0,,,0,,,0,,,0,,,0,,,0,,,0,,,0,,,0,,,0,,,0,,,0,,,0,,,0,,,0,,,0,,,0,,,0,13.49141,0.2351197,False,False,0,0,False,True,182.114,1,1,0.2195539
,,0,,,0,,,0,,,0,,,0,,,0,,,0,,,0,,,0,,,0,,,0,,,0,,,0,,,0,,,0,,,0,,,0,,,0,,,0,,,0,,,0,,,0,,,0,,,0,,,0,,,0,,,0,,,0,,,0,,,0,,,0,,,0,,,0,,,0,,,0,,,0,13.49459,0.1758255,False,False,0,0,False,True,182.52,1,1,0.0499222
,,0,,,0,,,0,,,0,,,0,,,0,,,0,,,0,,,0,,,0,,,0,,,0,,,0,,,0,,,0,,,0,,,0,,,0,,,0,,,0,,,0,,,0,,,0,,,0,,,0,,,0,,,0,,,0,,,0,,,0,,,0,,,0,,,0,,,0,,,0,,,0,13.49458,0.1017603,False,False,0,0,False,True,182.1935,1,1,0
,,0,,,0,,,0,,,0,,,0,,,0,,,0,,,0,,,0,,,0,,,0,,,0,,,0,,,0,,,0,,,0,,,0,,,0,,,0,,,0,,,0,,,0,,,0,,,0,,,0,,,0,,,0,,,0,,,0,,,0,,,0,,,0,,,0,,,0,-1713168,Cube (3),9.999091,,,0,13.49509,0.06465047,False,False,0,0,False,True,182.0549,1,1,0.05021539
,,0,,,0,,,0,,,0,,,0,,,0,,,0,,,0,,,0,,,0,,,0,,,0,,,0,,,0,,,0,,,0,,,0,,,0,,,0,,,0,,,0,,,0,,,0,,,0,,,0,,,0,,,0,,,0,,,0,,,0,,,0,,,0,,,0,,,0,-1713168,Cube (3),9.856343,,,0,13.49323,0.009692038,False,False,0,0,False,True,182.275,1,1,0.1766017
,,0,,,0,,,0,,,0,,,0,,,0,,,0,,,0,,,0,,,0,,,0,,,0,,,0,,,0,,,0,,,0,,,0,,,0,,,0,,,0,,,0,,,0,,,0,,,0,,,0,,,0,,,0,,,0,,,0,,,0,,,0,,,0,,,0,,,0,-1713168,Cube (3),9.808866,,,0,13.49257,0.03926676,False,False,0,0,False,True,182.2017,1,1,0.1447068
,,0,,,0,,,0,,,0,,,0,,,0,,,0,,,0,,,0,,,0,,,0,,,0,,,0,,,0,,,0,,,0,,,0,,,0,,,0,,,0,,,0,,,0,,,0,,,0,,,0,,,0,,,0,,,0,,,0,,,0,,,0,,,0,,,0,,,0,-1713168,Cube (3),9.732043,,,0,13.4948,1.018869,False,False,0,0,False,True,182.3704,1,1,0
,,0,,,0,,,0,,,0,,,0,,,0,,,0,,,0,,,0,,,0,,,0,,,0,,,0,,,0,,,0,,,0,,,0,,,0,,,0,,,0,,,0,,,0,,,0,,,0,,,0,,,0,,,0,,,0,,,0,,,0,,,0,,,0,,,0,,,0,-1713168,Cube (3),9.652833,,,0,13.49512,0.9848449,False,False,0,0,False,True,182.4897,1,1,0
,,0,,,0,,,0,,,0,,,0,,,0,,,0,,,0,,,0,,,0,,,0,,,0,,,0,,,0,,,0,,,0,,,0,,,0,,,0,,,0,,,0,,,0,,,0,,,0,,,0,,,0,,,0,,,0,,,0,,,0,,,0,,,0,,,0,,,0,-1713168,Cube (3),9.546396,,,0,13.49316,0.9331636,False,False,0,0,False,True,182.726,1,1,0.1739531
,,0,,,0,,,0,,,0,,,0,,,0,,,0,,,0,,,0,,,0,,,0,,,0,,,0,,,0,,,0,,,0,,,0,,,0,,,0,,,0,,,0,,,0,,,0,,,0,,,0,,,0,,,0,,,0,-1713398,RoadBlock,9.983683,,,0,,,0,,,0,,,0,,,0,-1713168,Cube (3),9.539974,,,0,13.48445,0.8828361,False,False,0,0,False,True,183.3168,1,1,0.3408039
,,0,,,0,,,0,,,0,,,0,,,0,,,0,,,0,,,0,,,0,,,0,,,0,,,0,,,0,,,0,,,0,,,0,,,0,,,0,,,0,,,0,,,0,,,0,,,0,,,0,,,0,,,0,-1713398,RoadBlock,9.980693,-1713398,RoadBlock,9.885484,,,0,,,0,,,0,,,0,,,0,-1713156,Cube (2),9.397472,,,0,13.48914,0.772993,False,False,0,0,False,True,183.1369,1,1,0.2229323
,,0,,,0,,,0,,,0,,,0,,,0,,,0,,,0,,,0,,,0,,,0,,,0,,,0,,,0,,,0,,,0,,,0,,,0,,,0,,,0,,,0,,,0,,,0,,,0,,,0,,,0,,,0,-1713398,RoadBlock,9.902539,-1713398,RoadBlock,9.830594,,,0,,,0,,,0,,,0,,,0,-1713156,Cube (2),9.296515,,,0,13.49311,0.6977831,False,False,0,0,False,True,183.2118,1,1,0.08056347
,,0,,,0,,,0,,,0,,,0,,,0,,,0,,,0,,,0,,,0,,,0,,,0,,,0,,,0,,,0,,,0,,,0,,,0,,,0,,,0,,,0,,,0,,,0,,,0,,,0,,,0,,,0,-1713398,RoadBlock,9.801255,-1713398,RoadBlock,9.763648,,,0,,,0,,,0,,,0,,,0,-1713156,Cube (2),9.16198,,,0,13.48975,0.5846437,False,False,0,0,False,True,183.3852,1,1,0.2492128
,,0,,,0,,,0,,,0,,,0,,,0,,,0,,,0,,,0,,,0,,,0,,,0,,,0,,,0,,,0,,,0,,,0,,,0,,,0,,,0,,,0,,,0,,,0,,,0,,,0,,,0,,,0,-1713398,RoadBlock,9.74672,-1713398,RoadBlock,9.736278,,,0,,,0,,,0,,,0,,,0,-1713156,Cube (2),9.125715,,,0,13.48287,0.4935317,False,False,0,0,False,True,183.4207,1,1,0.385407
,,0,,,0,,,0,,,0,,,0,,,0,,,0,,,0,,,0,,,0,,,0,,,0,,,0,,,0,,,0,,,0,,,0,,,0,,,0,,,0,,,0,,,0,,,0,,,0,,,0,,,0,-1713398,RoadBlock,9.953438,-1713398,RoadBlock,9.689141,-1713398,RoadBlock,9.72542,,,0,,,0,,,0,,,0,,,0,-1713156,Cube (2),9.158753,,,0,13.48867,0.3356382,False,False,0,0,False,True,183.5213,1,1,0.2176132
,,0,,,0,,,0,,,0,,,0,,,0,,,0,,,0,,,0,,,0,,,0,,,0,,,0,,,0,,,0,,,0,,,0,,,0,,,0,,,0,,,0,,,0,,,0,,,0,,,0,,,0,-1713398,RoadBlock,9.898257,-1713398,RoadBlock,9.665566,-1713398,RoadBlock,9.731494,,,0,,,0,,,0,,,0,,,0,-1713156,Cube (2),9.192948,,,0,13.49232,0.2351197,False,False,0,0,False,True,183.996,1,1,0.05434974
,,0,,,0,,,0,,,0,,,0,,,0,,,0,,,0,,,0,,,0,,,0,,,0,,,0,,,0,,,0,,,0,,,0,,,0,,,0,,,0,,,0,,,0,,,0,,,0,,,0,,,0,-1713398,RoadBlock,9.839823,-1713398,RoadBlock,9.647336,-1713398,RoadBlock,9.751826,,,0,,,0,,,0,,,0,,,0,-1713156,Cube (2),9.220737,,,0,13.49292,0.1047368,False,False,0,0,False,True,183.5971,1,1,0.1747573
,,0,,,0,,,0,,,0,,,0,,,0,,,0,,,0,,,0,,,0,,,0,,,0,,,0,,,0,,,0,,,0,,,0,,,0,,,0,,,0,,,0,,,0,,,0,,,0,,,0,,,0,-1713398,RoadBlock,9.814258,-1713398,RoadBlock,9.648743,-1713398,RoadBlock,9.779918,,,0,,,0,,,0,,,0,,,0,-1713156,Cube (2),9.269566,,,0,13.48901,0.0151958,False,False,0,0,False,True,183.5212,1,1,0.3145662
,,0,,,0,,,0,,,0,,,0,,,0,,,0,,,0,,,0,,,0,,,0,,,0,,,0,,,0,,,0,,,0,,,0,,,0,,,0,,,0,,,0,,,0,,,0,,,0,,,0,,,0,-1713398,RoadBlock,9.797364,-1713398,RoadBlock,9.678929,-1713398,RoadBlock,9.858265,,,0,,,0,,,0,,,0,,,0,-1713156,Cube (2),9.467238,,,0,13.48548,0.1426703,False,False,0,0,False,True,183.4811,1,1,0.2853384
,,0,,,0,,,0,,,0,,,0,,,0,,,0,,,0,,,0,,,0,,,0,,,0,,,0,,,0,,,0,,,0,,,0,,,0,,,0,,,0,,,0,,,0,,,0,,,0,,,0,,,0,-1713398,RoadBlock,9.802707,-1713398,RoadBlock,9.716485,-1713398,RoadBlock,9.929799,,,0,,,0,,,0,,,0,,,0,-1713156,Cube (2),9.652065,,,0,13.49189,0.2516296,False,False,0,0,False,True,183.8567,1,1,0.1183739
,,0,,,0,,,0,,,0,,,0,,,0,,,0,,,0,,,0,,,0,,,0,,,0,,,0,,,0,,,0,,,0,,,0,,,0,,,0,,,0,,,0,,,0,,,0,,,0,,,0,,,0,-1713398,RoadBlock,9.833299,-1713398,RoadBlock,9.788331,,,0,,,0,,,0,,,0,,,0,,,0,-1713156,Cube (2),9.906034,,,0,13.49249,0.3911021,False,False,0,0,False,True,183.3271,1,1,0.002763592
,,0,,,0,,,0,,,0,,,0,,,0,,,0,,,0,,,0,,,0,,,0,,,0,,,0,,,0,,,0,,,0,,,0,,,0,,,0,,,0,,,0,,,0,,,0,,,0,,,0,,,0,-1713398,RoadBlock,9.864887,-1713398,RoadBlock,9.840587,-1713378,RoadBlock,9.965044,,,0,,,0,,,0,,,0,,,0,,,0,,,0,13.49409,0.4606703,False,False,0,0,False,True,183.0564,1,1,0
,,0,,,0,,,0,,,0,,,0,,,0,,,0,,,0,,,0,,,0,,,0,,,0,,,0,,,0,,,0,,,0,,,0,,,0,,,0,,,0,,,0,,,0,,,0,,,0,,,0,,,0,-1713398,RoadBlock,9.925894,-1713378,RoadBlock,9.925574,-1713378,RoadBlock,9.891464,,,0,,,0,,,0,,,0,,,0,,,0,,,0,13.49374,0.5727906,False,False,0,0,False,True,182.9308,1,1,0.1714402
,,0,,,0,,,0,,,0,,,0,,,0,,,0,,,0,,,0,,,0,,,0,,,0,,,0,,,0,,,0,,,0,,,0,,,0,,,0,,,0,,,0,,,0,,,0,,,0,,,0,,,0,-1713398,RoadBlock,9.977064,-1713378,RoadBlock,9.868293,-1713378,RoadBlock,9.855259,,,0,,,0,,,0,,,0,,,0,,,0,,,0,13.48901,0.503124,False,False,0,0,False,True,182.8322,1,1,0.2883414
,,0,,,0,,,0,,,0,,,0,,,0,,,0,,,0,,,0,,,0,,,0,,,0,,,0,,,0,,,0,,,0,,,0,,,0,,,0,,,0,,,0,,,0,,,0,,,0,,,0,,,0,,,0,-1713378,RoadBlock,9.800033,-1713378,RoadBlock,9.821672,,,0,,,0,,,0,,,0,,,0,,,0,,,0,13.49348,0.387187,False,False,0,0,False,True,182.7015,1,1,0.1214316
,,0,,,0,,,0,,,0,,,0,,,0,,,0,,,0,,,0,,,0,,,0,,,0,,,0,,,0,,,0,,,0,,,0,,,0,,,0,,,0,,,0,,,0,,,0,,,0,,,0,,,0,,,0,-1713378,RoadBlock,9.763915,-1713378,RoadBlock,9.805362,,,0,,,0,,,0,,,0,,,0,,,0,,,0,13.494,0.3205831,False,False,0,0,False,True,182.5667,1,1,0
,,0,,,0,,,0,,,0,,,0,,,0,,,0,,,0,,,0,,,0,,,0,,,0,,,0,,,0,,,0,,,0,,,0,,,0,,,0,,,0,,,0,,,0,,,0,,,0,,,0,,,0,-1713378,RoadBlock,9.955595,-1713378,RoadBlock,9.718815,-1713378,RoadBlock,9.782369,,,0,,,0,,,0,,,0,,,0,,,0,,,0,13.49497,0.2455835,False,False,0,0,False,True,182.4357,1,1,0
,,0,,,0,,,0,,,0,,,0,,,0,,,0,,,0,,,0,,,0,,,0,,,0,,,0,,,0,,,0,,,0,,,0,,,0,,,0,,,0,,,0,,,0,,,0,,,0,,,0,,,0,-1713378,RoadBlock,9.917483,-1713378,RoadBlock,9.694509,-1713378,RoadBlock,9.770682,,,0,,,0,,,0,,,0,,,0,-1713144,Cube (1),9.923965,,,0,13.49343,0.2026613,False,False,0,0,False,True,182.7988,1,1,0.1699556
,,0,,,0,,,0,,,0,,,0,,,0,,,0,,,0,,,0,,,0,,,0,,,0,,,0,,,0,,,0,,,0,,,0,,,0,,,0,,,0,,,0,,,0,,,0,,,0,,,0,,,0,-1713378,RoadBlock,9.869378,-1713378,RoadBlock,9.671652,-1713378,RoadBlock,9.771765,,,0,,,0,,,0,,,0,,,0,-1713144,Cube (1),9.833904,,,0,13.48842,0.1216757,False,False,0,0,False,True,182.1616,1,1,0.2889814
,,0,,,0,,,0,,,0,,,0,,,0,,,0,,,0,,,0,,,0,,,0,,,0,,,0,,,0,,,0,,,0,,,0,,,0,,,0,,,0,,,0,,,0,,,0,,,0,,,0,,,0,-1713378,RoadBlock,9.844816,-1713378,RoadBlock,9.667923,-1713378,RoadBlock,9.788444,,,0,,,0,,,0,,,0,,,0,-1713144,Cube (1),9.833195,,,0,13.49206,0.05333968,False,False,0,0,False,True,181.8994,1,1,0.1208211
,,0,,,0,,,0,,,0,,,0,,,0,,,0,,,0,,,0,,,0,,,0,,,0,,,0,,,0,,,0,,,0,,,0,,,0,,,0,,,0,,,0,,,0,,,0,,,0,,,0,,,0,-1713378,RoadBlock,9.822578,-1713378,RoadBlock,9.672853,-1713378,RoadBlock,9.820533,,,0,,,0,,,0,,,0,,,0,-1713144,Cube (1),9.814607,,,0,13.49443,0.03690351,False,False,0,0,False,True,181.8214,1,1,0
,,0,,,0,,,0,,,0,,,0,,,0,,,0,,,0,,,0,,,0,,,0,,,0,,,0,,,0,,,0,,,0,,,0,,,0,,,0,,,0,,,0,,,0,,,0,,,0,,,0,,,0,-1713378,RoadBlock,9.816144,-1713378,RoadBlock,9.680128,-1713378,RoadBlock,9.841763,,,0,,,0,,,0,,,0,,,0,-1713144,Cube (1),9.766707,,,0,13.4949,0.08280375,False,False,0,0,False,True,181.7628,1,1,0
,,0,,,0,,,0,,,0,,,0,,,0,,,0,,,0,,,0,,,0,,,0,,,0,,,0,,,0,,,0,,,0,,,0,,,0,,,0,,,0,,,0,,,0,,,0,,,0,,,0,,,0,-1713378,RoadBlock,9.816217,-1713378,RoadBlock,9.699488,-1713378,RoadBlock,9.881189,,,0,,,0,,,0,,,0,,,0,-1713144,Cube (1),9.696809,,,0,13.49337,0.1478968,False,False,0,0,False,True,181.7549,1,1,0.1680761
,,0,,,0,,,0,,,0,,,0,,,0,,,0,,,0,,,0,,,0,,,0,,,0,,,0,,,0,,,0,,,0,,,0,,,0,,,0,,,0,,,0,,,0,,,0,,,0,,,0,,,0,-1713378,RoadBlock,9.823055,-1713378,RoadBlock,9.723125,-1713378,RoadBlock,9.922603,,,0,,,0,,,0,,,0,,,0,-1713144,Cube (1),9.709269,,,0,13.48834,0.204709,False,False,0,0,False,True,181.7475,1,1,0.2929352
,,0,,,0,,,0,,,0,,,0,,,0,,,0,,,0,,,0,,,0,,,0,,,0,,,0,,,0,,,0,,,0,,,0,,,0,,,0,,,0,,,0,,,0,,,0,,,0,,,0,,,0,-1713378,RoadBlock,9.84659,-1713378,RoadBlock,9.776958,-1713378,RoadBlock,10.00924,,,0,,,0,,,0,,,0,,,0,-1713144,Cube (1),9.818609,,,0,13.49314,0.3072124,False,False,0,0,False,True,181.8136,1,1,0.1270351
,,0,,,0,,,0,,,0,,,0,,,0,,,0,,,0,,,0,,,0,,,0,,,0,,,0,,,0,,,0,,,0,,,0,,,0,,,0,,,0,,,0,,,0,,,0,,,0,,,0,,,0,-1713378,RoadBlock,9.871082,-1713378,RoadBlock,9.819579,,,0,,,0,,,0,,,0,,,0,,,0,-1713144,Cube (1),9.886414,,,0,13.49412,0.3685147,False,False,0,0,False,True,182.3739,1,1,0
,,0,,,0,,,0,,,0,,,0,,,0,,,0,,,0,,,0,,,0,,,0,,,0,,,0,,,0,,,0,,,0,,,0,,,0,,,0,,,0,,,0,,,0,,,0,,,0,,,0,,,0,-1713378,RoadBlock,9.91763,-1713378,RoadBlock,9.886763,,,0,,,0,,,0,,,0,,,0,,,0,-1713144,Cube (1),9.925859,,,0,13.49488,0.4379545,False,False,0,0,False,True,181.8788,1,1,0
,,0,,,0,,,0,,,0,,,0,,,0,,,0,,,0,,,0,,,0,,,0,,,0,,,0,,,0,,,0,,,0,,,0,,,0,,,0,,,0,,,0,,,0,,,0,,,0,,,0,,,0,-1713378,RoadBlock,9.953904,-1713378,RoadBlock,9.933879,-1713358,RoadBlock,9.990938,,,0,,,0,,,0,,,0,,,0,-1713144,Cube (1),9.924589,,,0,13.49515,0.65082,False,False,0,0,False,True,181.7535,1,1,0.09944727
,,0,,,0,,,0,,,0,,,0,,,0,,,0,,,0,,,0,,,0,,,0,,,0,,,0,,,0,,,0,,,0,,,0,,,0,,,0,,,0,,,0,,,0,,,0,,,0,,,0,,,0,,,0,-1713358,RoadBlock,9.939823,-1713358,RoadBlock,9.92469,,,0,,,0,,,0,,,0,,,0,-1713144,Cube (1),9.979311,,,0,13.49107,0.5871927,False,False,0,0,False,True,181.83,1,1,0.2231981
,,0,,,0,,,0,,,0,,,0,,,0,,,0,,,0,,,0,,,0,,,0,,,0,,,0,,,0,,,0,,,0,,,0,,,0,,,0,,,0,,,0,,,0,,,0,,,0,,,0,,,0,,,0,-1713358,RoadBlock,9.891613,-1713358,RoadBlock,9.895518,,,0,,,0,,,0,,,0,,,0,,,0,,,0,13.48462,0.524034,False,False,0,0,False,True,181.6672,1,1,0.3886825
,,0,,,0,,,0,,,0,,,0,,,0,,,0,,,0,,,0,,,0,,,0,,,0,,,0,,,0,,,0,,,0,,,0,,,0,,,0,,,0,,,0,,,0,,,0,,,0,,,0,,,0,,,0,-1713358,RoadBlock,9.838548,-1713358,RoadBlock,9.880586,,,0,,,0,,,0,,,0,,,0,,,0,,,0,13.48923,0.396931,False,False,0,0,False,True,181.5712,1,1,0.2202312
,,0,,,0,,,0,,,0,,,0,,,0,,,0,,,0,,,0,,,0,,,0,,,0,,,0,,,0,,,0,,,0,,,0,,,0,,,0,,,0,,,0,,,0,,,0,,,0,,,0,,,0,,,0,-1713358,RoadBlock,9.815268,-1713358,RoadBlock,9.882929,,,0,,,0,,,0,,,0,,,0,,,0,,,0,13.49245,0.3115276,False,False,0,0,False,True,181.4764,1,1,0.1036779
,,0,,,0,,,0,,,0,,,0,,,0,,,0,,,0,,,0,,,0,,,0,,,0,,,0,,,0,,,0,,,0,,,0,,,0,,,0,,,0,,,0,,,0,,,0,,,0,,,0,,,0,-1713358,RoadBlock,9.994083,-1713358,RoadBlock,9.798809,-1713358,RoadBlock,9.90521,,,0,,,0,,,0,,,0,,,0,,,0,,,0,13.48854,0.1826065,False,False,0,0,False,True,181.2911,1,1,0.2828013
,,0,,,0,,,0,,,0,,,0,,,0,,,0,,,0,,,0,,,0,,,0,,,0,,,0,,,0,,,0,,,0,,,0,,,0,,,0,,,0,,,0,,,0,,,0,,,0,,,0,,,0,-1713358,RoadBlock,9.968843,-1713358,RoadBlock,9.804759,-1713358,RoadBlock,9.942189,,,0,,,0,,,0,,,0,,,0,,,0,,,0,13.47634,0.08067273,False,False,0,0,False,True,181.7243,1,1,0.4501838
,,0,,,0,,,0,,,0,,,0,,,0,,,0,,,0,,,0,,,0,,,0,,,0,,,0,,,0,,,0,,,0,,,0,,,0,,,0,,,0,,,0,,,0,,,0,,,0,,,0,,,0,-1713358,RoadBlock,9.955945,-1713358,RoadBlock,9.848446,,,0,,,0,,,0,,,0,,,0,,,0,,,0,,,0,13.48151,0.1067162,False,False,0,0,False,True,180.903,1,1,0.3293988
,,0,,,0,,,0,,,0,,,0,,,0,,,0,,,0,,,0,,,0,,,0,,,0,,,0,,,0,,,0,,,0,,,0,,,0,,,0,,,0,,,0,,,0,,,0,,,0,,,0,,,0,-1713358,RoadBlock,9.967504,-1713358,RoadBlock,9.898818,,,0,,,0,,,0,,,0,,,0,,,0,,,0,,,0,13.48909,0.2359339,False,False,0,0,False,True,181.2994,1,1,0.1624802
,,0,,,0,,,0,,,0,,,0,,,0,,,0,,,0,,,0,,,0,,,0,,,0,,,0,,,0,,,0,,,0,,,0,,,0,,,0,,,0,,,0,,,0,,,0,,,0,,,0,,,0,-1713358,RoadBlock,10.0126,-1713358,RoadBlock,9.995346,,,0,,,0,,,0,,,0,,,0,,,0,,,0,,,0,13.49111,-5.78121,False,False,0,0,False,True,180.4027,1,1,0.04395656
,,0,,,0,,,0,,,0,,,0,,,0,,,0,,,0,,,0,,,0,,,0,,,0,,,0,,,0,,,0,,,0,,,0,,,0,,,0,,,0,,,0,,,0,,,0,,,0,,,0,,,0,,,0,,,0,,,0,,,0,,,0,,,0,,,0,,,0,,,0,,,0,13.49244,-5.694882,False,False,0,0,False,True,180.0211,1,1,0
,,0,,,0,,,0,,,0,,,0,,,0,,,0,,,0,,,0,,,0,,,0,,,0,,,0,,,0,,,0,,,0,,,0,,,0,,,0,,,0,,,0,,,0,,,0,,,0,,,0,,,0,,,0,,,0,,,0,,,0,,,0,,,0,,,0,,,0,,,0,,,0,13.49475,-5.598483,False,False,0,0,False,True,179.7215,1,1,0
,,0,,,0,,,0,,,0,,,0,,,0,,,0,,,0,,,0,,,0,,,0,,,0,,,0,,,0,,,0,,,0,,,0,,,0,,,0,,,0,,,0,,,0,,,0,,,0,,,0,,,0,,,0,,,0,,,0,,,0,,,0,,,0,,,0,,,0,,,0,,,0,13.49516,-5.550498,False,False,0,0,False,True,179.4685,1,1,0
,,0,,,0,,,0,,,0,,,0,,,0,,,0,,,0,,,0,,,0,,,0,,,0,,,0,,,0,,,0,,,0,,,0,,,0,,,0,,,0,,,0,,,0,,,0,,,0,,,0,,,0,,,0,,,0,,,0,,,0,,,0,,,0,,,0,,,0,,,0,,,0,13.49535,-5.495996,False,False,0,0,False,True,179.1664,1,1,0
,,0,,,0,,,0,,,0,,,0,,,0,,,0,,,0,,,0,,,0,,,0,,,0,,,0,,,0,,,0,,,0,,,0,,,0,,,0,,,0,,,0,,,0,,,0,,,0,,,0,,,0,,,0,,,0,,,0,,,0,,,0,,,0,,,0,,,0,,,0,,,0,13.49537,0.71904,False,False,0,0,False,True,178.9162,1,1,0
,,0,,,0,,,0,,,0,,,0,,,0,,,0,,,0,,,0,,,0,,,0,,,0,,,0,,,0,,,0,,,0,,,0,,,0,,,0,,,0,,,0,,,0,,,0,,,0,,,0,,,0,,,0,,,0,,,0,,,0,,,0,,,0,,,0,,,0,,,0,,,0,13.49448,0.3691581,False,False,0,0,False,True,178.6178,1,1,0.09940679
,,0,,,0,,,0,,,0,,,0,,,0,,,0,,,0,,,0,,,0,,,0,,,0,,,0,,,0,,,0,,,0,,,0,,,0,,,0,,,0,,,0,,,0,,,0,,,0,,,0,,,0,,,0,,,0,,,0,,,0,,,0,,,0,,,0,,,0,,,0,,,0,13.49179,0.3328201,False,False,0,0,False,True,179.0634,1,1,0.1648312
,,0,,,0,,,0,,,0,,,0,,,0,,,0,,,0,,,0,,,0,,,0,,,0,,,0,,,0,,,0,,,0,,,0,,,0,,,0,,,0,,,0,,,0,,,0,,,0,,,0,,,0,,,0,,,0,,,0,,,0,,,0,,,0,,,0,,,0,,,0,,,0,13.49498,0.2661766,False,False,0,0,False,True,178.0972,1,1,0.04594653
,,0,,,0,,,0,,,0,,,0,,,0,,,0,,,0,,,0,,,0,,,0,,,0,,,0,,,0,,,0,,,0,,,0,,,0,,,0,,,0,,,0,,,0,,,0,,,0,,,0,,,0,,,0,,,0,,,0,,,0,,,0,,,0,,,0,,,0,,,0,,,0,13.49492,0.2298318,False,False,0,0,False,True,177.7849,1,1,0
,,0,,,0,,,0,,,0,,,0,,,0,,,0,,,0,,,0,,,0,,,0,,,0,,,0,,,0,,,0,,,0,,,0,,,0,,,0,,,0,,,0,,,0,,,0,,,0,,,0,,,0,,,0,,,0,,,0,,,0,,,0,,,0,,,0,,,0,,,0,,,0,13.49529,0.1883056,False,False,0,0,False,True,177.5831,1,1,0
,,0,,,0,,,0,,,0,,,0,,,0,,,0,,,0,,,0,,,0,,,0,,,0,,,0,,,0,,,0,,,0,,,0,,,0,,,0,,,0,,,0,,,0,,,0,,,0,,,0,,,0,,,0,,,0,,,0,,,0,,,0,,,0,,,0,,,0,,,0,,,0,13.49537,0.1672577,False,False,0,0,False,True,178.1858,1,1,0
,,0,,,0,,,0,,,0,,,0,,,0,,,0,,,0,,,0,,,0,,,0,,,0,,,0,,,0,,,0,,,0,,,0,,,0,,,0,,,0,,,0,,,0,,,0,,,0,,,0,,,0,,,0,,,0,,,0,,,0,,,0,,,0,,,0,,,0,,,0,,,0,13.49538,0.1430406,False,False,0,0,False,True,177.3492,1,1,0
,,0,,,0,,,0,,,0,,,0,,,0,,,0,,,0,,,0,,,0,,,0,,,0,,,0,,,0,,,0,,,0,,,0,,,0,,,0,,,0,,,0,,,0,,,0,,,0,,,0,,,0,,,0,,,0,,,0,,,0,,,0,,,0,,,0,,,0,,,0,,,0,13.49538,0.1307011,False,False,0,0,False,True,178.0252,1,1,0
,,0,,,0,,,0,,,0,,,0,,,0,,,0,,,0,,,0,,,0,,,0,,,0,,,0,,,0,,,0,,,0,,,0,,,0,,,0,,,0,,,0,,,0,,,0,,,0,,,0,,,0,,,0,,,0,,,0,,,0,,,0,,,0,,,0,,,0,,,0,,,0,13.49538,0.1164165,False,False,0,0,False,True,177.1289,1,1,0
,,0,,,0,,,0,,,0,,,0,,,0,,,0,,,0,,,0,,,0,,,0,,,0,,,0,,,0,,,0,,,0,,,0,,,0,,,0,,,0,,,0,,,0,,,0,,,0,,,0,,,0,,,0,,,0,,,0,,,0,,,0,,,0,,,0,,,0,,,0,,,0,13.49398,0.1145518,False,False,0,0,False,True,177.0426,1,1,-0.1246501
,,0,,,0,,,0,,,0,,,0,,,0,,,0,,,0,,,0,,,0,,,0,,,0,,,0,,,0,,,0,,,0,,,0,,,0,,,0,,,0,,,0,,,0,,,0,,,0,,,0,,,0,,,0,,,0,,,0,,,0,,,0,,,0,,,0,,,0,,,0,,,0,13.48662,0.1459256,False,False,0,0,False,True,176.9428,1,1,-0.2902876
,,0,,,0,,,0,,,0,,,0,,,0,,,0,,,0,,,0,,,0,,,0,,,0,,,0,,,0,,,0,,,0,,,0,,,0,,,0,,,0,,,0,,,0,,,0,,,0,,,0,,,0,,,0,,,0,,,0,,,0,,,0,,,0,,,0,,,0,,,0,,,0,13.49086,0.1900022,False,False,0,0,False,True,176.8552,1,1,-0.1714117
,,0,,,0,,,0,,,0,,,0,,,0,,,0,,,0,,,0,,,0,,,0,,,0,,,0,,,0,,,0,,,0,,,0,,,0,,,0,,,0,,,0,,,0,,,0,,,0,,,0,,,0,,,0,,,0,,,0,,,0,,,0,,,0,,,0,,,0,,,0,,,0,13.49367,0.2561403,False,False,0,0,False,True,176.7431,1,1,-0.006892316
,,0,,,0,,,0,,,0,,,0,,,0,,,0,,,0,,,0,,,0,,,0,,,0,,,0,,,0,,,0,,,0,,,0,,,0,,,0,,,0,,,0,,,0,,,0,,,0,,,0,,,0,,,0,,,0,,,0,,,0,,,0,,,0,,,0,,,0,,,0,,,0,13.49467,0.2902257,False,False,0,0,False,True,177.4506,1,1,0
,,0,,,0,,,0,,,0,,,0,,,0,,,0,,,0,,,0,,,0,,,0,,,0,,,0,,,0,,,0,,,0,,,0,,,0,,,0,,,0,,,0,,,0,,,0,,,0,,,0,,,0,,,0,,,0,,,0,,,0,,,0,,,0,,,0,,,0,,,0,,,0,13.49505,0.3289679,False,False,0,0,False,True,176.3757,1,1,0
,,0,,,0,,,0,,,0,,,0,,,0,,,0,,,0,,,0,,,0,,,0,,,0,,,0,,,0,,,0,,,0,,,0,,,0,,,0,,,0,,,0,,,0,,,0,,,0,,,0,,,0,,,0,,,0,,,0,,,0,,,0,,,0,,,0,,,0,,,0,,,0,13.49523,0.3485323,False,False,0,0,False,True,176.2488,1,1,0
,,0,,,0,,,0,,,0,,,0,,,0,,,0,,,0,,,0,,,0,,,0,,,0,,,0,,,0,,,0,,,0,,,0,,,0,,,0,,,0,,,0,,,0,,,0,,,0,,,0,,,0,,,0,,,0,,,0,,,0,,,0,,,0,,,0,,,0,,,0,,,0,13.49534,0.3710036,False,False,0,0,False,True,176.0775,1,1,0
,,0,,,0,,,0,,,0,,,0,,,0,,,0,,,0,,,0,,,0,,,0,,,0,,,0,,,0,,,0,,,0,,,0,,,0,,,0,,,0,,,0,,,0,,,0,,,0,,,0,,,0,,,0,,,0,,,0,,,0,,,0,,,0,,,0,,,0,,,0,,,0,13.49538,0.3824551,False,False,0,0,False,True,176.7658,1,1,0
,,0,,,0,,,0,,,0,,,0,,,0,,,0,,,0,,,0,,,0,,,0,,,0,,,0,,,0,,,0,,,0,,,0,,,0,,,0,,,0,,,0,,,0,,,0,,,0,,,0,,,0,,,0,,,0,,,0,,,0,,,0,,,0,,,0,,,0,,,0,,,0,13.49538,0.3957056,False,False,0,0,False,True,175.7332,1,1,0
,,0,,,0,,,0,,,0,,,0,,,0,,,0,,,0,,,0,,,0,,,0,,,0,,,0,,,0,,,0,,,0,,,0,,,0,,,0,,,0,,,0,,,0,,,0,,,0,,,0,,,0,,,0,,,0,,,0,,,0,,,0,,,0,,,0,,,0,,,0,,,0,13.49538,0.4024976,False,False,0,0,False,True,175.4153,1,1,0
,,0,,,0,,,0,,,0,,,0,,,0,,,0,,,0,,,0,,,0,,,0,,,0,,,0,,,0,,,0,,,0,,,0,,,0,,,0,,,0,,,0,,,0,,,0,,,0,,,0,,,0,,,0,,,0,,,0,,,0,,,0,,,0,,,0,,,0,,,0,,,0,13.49538,0.4103851,False,False,0,0,False,True,175.1853,1,1,0
,,0,,,0,,,0,,,0,,,0,,,0,,,0,,,0,,,0,,,0,,,0,,,0,,,0,,,0,,,0,,,0,,,0,,,0,,,0,,,0,,,0,,,0,,,0,,,0,,,0,,,0,,,0,,,0,,,0,,,0,,,0,,,0,,,0,,,0,,,0,,,0,13.49419,0.4197602,False,False,0,0,False,True,175.0082,1,1,-0.1220168
,,0,,,0,,,0,,,0,,,0,,,0,,,0,,,0,,,0,,,0,,,0,,,0,,,0,,,0,,,0,,,0,,,0,,,0,,,0,,,0,,,0,,,0,,,0,,,0,,,0,,,0,,,0,-1713784,RoadBlock,9.993943,-1713784,RoadBlock,10.01283,,,0,,,0,,,0,,,0,,,0,,,0,,,0,13.49525,0.4379627,False,False,0,0,False,True,174.8919,1,1,0
,,0,,,0,,,0,,,0,,,0,,,0,,,0,,,0,,,0,,,0,,,0,,,0,,,0,,,0,,,0,,,0,,,0,,,0,,,0,,,0,,,0,,,0,,,0,,,0,,,0,,,0,,,0,-1713784,RoadBlock,9.952149,-1713784,RoadBlock,9.967999,,,0,,,0,,,0,,,0,,,0,,,0,,,0,13.49534,0.4477558,False,False,0,0,False,True,174.5772,1,1,0
,,0,,,0,,,0,,,0,,,0,,,0,,,0,,,0,,,0,,,0,,,0,,,0,,,0,,,0,,,0,,,0,,,0,,,0,,,0,,,0,,,0,,,0,,,0,,,0,,,0,,,0,,,0,-1713784,RoadBlock,9.888222,-1713784,RoadBlock,9.900543,,,0,,,0,,,0,,,0,,,0,,,0,,,0,13.49537,0.4591075,False,False,0,0,False,True,174.3645,1,1,0
,,0,,,0,,,0,,,0,,,0,,,0,,,0,,,0,,,0,,,0,,,0,,,0,,,0,,,0,,,0,,,0,,,0,,,0,,,0,,,0,,,0,,,0,,,0,,,0,,,0,,,0,,,0,-1713784,RoadBlock,9.844922,-1713784,RoadBlock,9.85544,,,0,,,0,,,0,,,0,,,0,,,0,,,0,13.49538,0.4649282,False,False,0,0,False,True,174.2037,1,1,0
,,0,,,0,,,0,,,0,,,0,,,0,,,0,,,0,,,0,,,0,,,0,,,0,,,0,,,0,,,0,,,0,,,0,,,0,,,0,,,0,,,0,,,0,,,0,,,0,,,0,,,0,,,0,-1713784,RoadBlock,9.777172,-1713804,RoadBlock,9.67715,,,0,,,0,,,0,,,0,,,0,,,0,,,0,13.49251,0.6402237,False,False,0,0,False,True,173.9773,1,1,-0.1807185
,,0,,,0,,,0,,,0,,,0,,,0,,,0,,,0,,,0,,,0,,,0,,,0,,,0,,,0,,,0,,,0,,,0,,,0,,,0,,,0,,,0,,,0,,,0,,,0,,,0,,,0,,,0,-1713784,RoadBlock,9.727571,-1713804,RoadBlock,9.784696,,,0,,,0,,,0,,,0,,,0,,,0,,,0,13.48713,0.6053569,False,False,0,0,False,True,173.829,1,1,-0.3045897
,,0,,,0,,,0,,,0,,,0,,,0,,,0,,,0,,,0,,,0,,,0,,,0,,,0,,,0,,,0,,,0,,,0,,,0,,,0,,,0,,,0,,,0,,,0,,,0,,,0,,,0,-1713784,RoadBlock,9.977079,-1713784,RoadBlock,9.644661,-1713804,RoadBlock,9.910753,,,0,,,0,,,0,,,0,,,0,,,0,,,0,13.49245,0.5254943,False,False,0,0,False,True,173.6754,1,1,-0.13554
,,0,,,0,,,0,,,0,,,0,,,0,,,0,,,0,,,0,,,0,,,0,,,0,,,0,,,0,,,0,,,0,,,0,,,0,,,0,,,0,,,0,,,0,,,0,,,0,,,0,,,0,-1713784,RoadBlock,9.931323,-1713784,RoadBlock,9.585185,-1713804,RoadBlock,9.992274,,,0,,,0,,,0,,,0,,,0,,,0,,,0,13.49378,0.4751517,False,False,0,0,False,True,173.5374,1,1,-0.00924556
,,0,,,0,,,0,,,0,,,0,,,0,,,0,,,0,,,0,,,0,,,0,,,0,,,0,,,0,,,0,,,0,,,0,,,0,,,0,,,0,,,0,,,0,,,0,,,0,,,0,,,0,-1713784,RoadBlock,9.851393,-1713804,RoadBlock,9.603834,,,0,,,0,,,0,,,0,,,0,,,0,,,0,,,0,13.49473,0.4179734,False,False,0,0,False,True,173.3927,1,1,0
,,0,,,0,,,0,,,0,,,0,,,0,,,0,,,0,,,0,,,0,,,0,,,0,,,0,,,0,,,0,,,0,,,0,,,0,,,0,,,0,,,0,,,0,,,0,,,0,,,0,,,0,-1713784,RoadBlock,9.79299,-1713804,RoadBlock,9.698399,,,0,,,0,,,0,,,0,,,0,,,0,,,0,,,0,13.49457,0.3839768,False,False,0,0,False,True,173.2812,1,1,-0.1241097
,,0,,,0,,,0,,,0,,,0,,,0,,,0,,,0,,,0,,,0,,,0,,,0,,,0,,,0,,,0,,,0,,,0,,,0,,,0,,,0,,,0,,,0,,,0,,,0,,,0,,,0,-1713804,RoadBlock,9.649548,-1713804,RoadBlock,9.822915,,,0,,,0,,,0,,,0,,,0,,,0,,,0,,,0,13.49064,0.3147597,False,False,0,0,False,True,173.1653,1,1,-0.196293
,,0,,,0,,,0,,,0,,,0,,,0,,,0,,,0,,,0,,,0,,,0,,,0,,,0,,,0,,,0,,,0,,,0,,,0,,,0,,,0,,,0,,,0,,,0,,,0,,,0,,,0,-1713804,RoadBlock,9.738748,-1713804,RoadBlock,9.898265,,,0,,,0,,,0,,,0,,,0,,,0,,,0,,,0,13.49451,0.263939,False,False,0,0,False,True,174.0641,1,1,-0.03528096
,,0,,,0,,,0,,,0,,,0,,,0,,,0,,,0,,,0,,,0,,,0,,,0,,,0,,,0,,,0,,,0,,,0,,,0,,,0,,,0,,,0,,,0,,,0,,,0,,,0,,,0,-1713804,RoadBlock,9.869558,-1713804,RoadBlock,10.01183,,,0,,,0,,,0,,,0,,,0,,,0,,,0,,,0,13.49466,0.2008964,False,False,0,0,False,True,173.035,1,1,0
,,0,,,0,,,0,,,0,,,0,,,0,,,0,,,0,,,0,,,0,,,0,,,0,,,0,,,0,,,0,,,0,,,0,,,0,,,0,,,0,,,0,,,0,,,0,,,0,,,0,,,0,-1713804,RoadBlock,9.955417,,,0,,,0,,,0,,,0,,,0,,,0,,,0,,,0,,,0,13.49521,0.1692125,False,False,0,0,False,True,173.9632,1,1,0
,,0,,,0,,,0,,,0,,,0,,,0,,,0,,,0,,,0,,,0,,,0,,,0,,,0,,,0,,,0,,,0,,,0,,,0,,,0,,,0,,,0,,,0,,,0,,,0,,,0,,,0,,,0,,,0,,,0,,,0,,,0,,,0,,,0,,,0,,,0,,,0,13.4946,0.1278106,False,False,0,0,False,True,172.9421,1,1,-0.12352
,,0,,,0,,,0,,,0,,,0,,,0,,,0,,,0,,,0,,,0,,,0,,,0,,,0,,,0,,,0,,,0,,,0,,,0,,,0,,,0,,,0,,,0,,,0,,,0,,,0,,,0,,,0,,,0,,,0,,,0,,,0,,,0,,,0,,,0,,,0,,,0,13.49078,0.08941673,False,False,0,0,False,True,172.8209,1,1,-0.2852005
,,0,,,0,,,0,,,0,,,0,,,0,,,0,,,0,,,0,,,0,,,0,,,0,,,0,,,0,,,0,,,0,,,0,,,0,,,0,,,0,,,0,,,0,,,0,,,0,,,0,,,0,,,0,,,0,,,0,,,0,,,0,,,0,,,0,,,0,,,0,,,0,13.49363,0.01065373,False,False,0,0,False,True,172.8915,1,1,-0.1159713
,,0,,,0,,,0,,,0,,,0,,,0,,,0,,,0,,,0,,,0,,,0,,,0,,,0,,,0,,,0,,,0,,,0,,,0,,,0,,,0,,,0,,,0,,,0,,,0,,,0,,,0,,,0,,,0,,,0,,,0,,,0,,,0,,,0,,,0,,,0,,,0,13.49436,0.03763844,False,False,0,0,False,True,172.9592,1,1,0
,,0,,,0,,,0,,,0,,,0,,,0,,,0,,,0,,,0,,,0,,,0,,,0,,,0,,,0,,,0,,,0,,,0,,,0,,,0,,,0,,,0,,,0,,,0,,,0,,,0,,,0,,,0,,,0,,,0,,,0,,,0,,,0,,,0,,,0,,,0,,,0,13.495,0.09209007,False,False,0,0,False,True,173.1195,1,1,0
,,0,,,0,,,0,,,0,,,0,,,0,,,0,,,0,,,0,,,0,,,0,,,0,,,0,,,0,,,0,,,0,,,0,,,0,,,0,,,0,,,0,,,0,,,0,,,0,,,0,,,0,,,0,,,0,,,0,,,0,,,0,,,0,,,0,,,0,,,0,,,0,13.49465,0.1248354,False,False,0,0,False,True,173.2087,1,1,-0.1384249
,,0,,,0,,,0,,,0,,,0,,,0,,,0,,,0,,,0,,,0,,,0,,,0,,,0,,,0,,,0,,,0,,,0,,,0,,,0,,,0,,,0,,,0,,,0,,,0,,,0,,,0,,,0,,,0,,,0,,,0,,,0,,,0,,,0,,,0,,,0,,,0,13.49517,0.9537771,False,False,0,0,False,True,173.4387,1,1,0
,,0,,,0,,,0,,,0,,,0,,,0,,,0,,,0,,,0,,,0,,,0,,,0,,,0,,,0,,,0,,,0,,,0,,,0,,,0,,,0,,,0,,,0,,,0,,,0,,,0,,,0,,,0,,,0,,,0,,,0,,,0,,,0,,,0,,,0,,,0,,,0,13.49529,0.9300327,False,False,0,0,False,True,173.5606,1,1,0
,,0,,,0,,,0,,,0,,,0,,,0,,,0,,,0,,,0,,,0,,,0,,,0,,,0,,,0,,,0,,,0,,,0,,,0,,,0,,,0,,,0,,,0,,,0,,,0,,,0,,,0,,,0,,,0,,,0,,,0,,,0,,,0,,,0,,,0,,,0,,,0,13.49536,0.902742,False,False,0,0,False,True,173.7547,1,1,0
,,0,,,0,-1713604,Cube (3),9.758452,,,0,,,0,,,0,,,0,,,0,,,0,,,0,,,0,,,0,,,0,,,0,,,0,,,0,,,0,,,0,,,0,,,0,,,0,,,0,,,0,,,0,,,0,,,0,,,0,,,0,,,0,,,0,,,0,,,0,,,0,,,0,,,0,,,0,13.49278,0.8836256,False,False,0,0,False,True,174.9579,1,1,-0.1672862
,,0,,,0,-1713604,Cube (3),9.452024,,,0,,,0,,,0,,,0,,,0,,,0,,,0,,,0,,,0,,,0,,,0,,,0,,,0,,,0,,,0,,,0,,,0,,,0,,,0,,,0,,,0,,,0,,,0,,,0,,,0,,,0,,,0,,,0,,,0,,,0,,,0,,,0,,,0,13.48751,0.8288147,False,False,0,0,False,True,174.0062,1,1,-0.2935303
,,0,,,0,-1713604,Cube (3),9.298623,,,0,,,0,,,0,,,0,,,0,,,0,,,0,,,0,,,0,,,0,,,0,,,0,,,0,,,0,,,0,,,0,,,0,,,0,,,0,,,0,,,0,,,0,,,0,,,0,,,0,,,0,,,0,,,0,,,0,,,0,,,0,,,0,,,0,13.49122,0.7724698,False,False,0,0,False,True,173.9883,1,1,-0.1300502
,,0,,,0,-1713604,Cube (3),9.055389,,,0,,,0,,,0,,,0,,,0,,,0,,,0,,,0,,,0,,,0,,,0,,,0,,,0,,,0,,,0,,,0,,,0,,,0,,,0,,,0,,,0,,,0,,,0,,,0,,,0,,,0,,,0,,,0,,,0,,,0,,,0,,,0,,,0,13.49406,0.6968186,False,False,0,0,False,True,174.1246,1,1,0
,,0,,,0,-1713604,Cube (3),8.881118,,,0,,,0,,,0,,,0,,,0,-1713814,RoadBlock,9.980393,-1713814,RoadBlock,10.0139,,,0,,,0,,,0,,,0,,,0,,,0,,,0,,,0,,,0,,,0,,,0,,,0,,,0,,,0,,,0,,,0,,,0,,,0,,,0,,,0,,,0,,,0,,,0,,,0,,,0,,,0,13.49451,0.6532884,False,False,0,0,False,True,174.179,1,1,-0.1195816
,,0,,,0,-1713604,Cube (3),8.665962,,,0,,,0,,,0,,,0,,,0,-1713814,RoadBlock,9.923908,-1713814,RoadBlock,9.932565,,,0,,,0,,,0,,,0,,,0,,,0,,,0,,,0,,,0,,,0,,,0,,,0,,,0,,,0,,,0,,,0,,,0,,,0,,,0,,,0,,,0,,,0,,,0,,,0,,,0,,,0,13.48824,0.5718275,False,False,0,0,False,True,174.2828,1,1,-0.2853394
,,0,,,0,-1713604,Cube (3),8.589875,,,0,,,0,,,0,,,0,,,0,-1713814,RoadBlock,9.904559,-1713814,RoadBlock,9.88949,,,0,,,0,,,0,,,0,,,0,,,0,,,0,,,0,,,0,,,0,,,0,,,0,,,0,,,0,,,0,,,0,,,0,,,0,,,0,,,0,,,0,,,0,,,0,,,0,,,0,,,0,13.47571,0.4931615,False,False,0,0,False,True,175.5243,1,1,-0.4490799
,,0,,,0,-1713604,Cube (3),8.611507,,,0,,,0,,,0,,,0,,,0,-1713814,RoadBlock,9.914295,-1713814,RoadBlock,9.850524,,,0,,,0,,,0,,,0,,,0,,,0,,,0,,,0,,,0,,,0,,,0,,,0,,,0,,,0,,,0,,,0,,,0,,,0,,,0,,,0,,,0,,,0,,,0,,,0,,,0,,,0,13.48096,0.3313584,False,False,0,0,False,True,174.4191,1,1,-0.3305004
,,0,,,0,-1713604,Cube (3),8.6766,,,0,,,0,,,0,,,0,,,0,-1713814,RoadBlock,9.941769,-1713814,RoadBlock,9.842654,,,0,,,0,,,0,,,0,,,0,,,0,,,0,,,0,,,0,,,0,,,0,,,0,,,0,,,0,,,0,,,0,,,0,,,0,,,0,,,0,,,0,,,0,,,0,,,0,,,0,,,0,13.48734,0.2144761,False,False,0,0,False,True,174.3133,1,1,-0.166539
,,0,,,0,-1713604,Cube (3),8.743471,,,0,,,0,,,0,,,0,,,0,-1713834,RoadBlock,9.946565,-1713814,RoadBlock,9.849491,-1713814,RoadBlock,10.00792,,,0,,,0,,,0,,,0,,,0,,,0,,,0,,,0,,,0,,,0,,,0,,,0,,,0,,,0,,,0,,,0,,,0,,,0,,,0,,,0,,,0,,,0,,,0,,,0,,,0,13.49108,0.06608754,False,False,0,0,False,True,174.3882,1,1,-0.004093792
,,0,,,0,-1713604,Cube (3),8.737907,,,0,,,0,,,0,,,0,-1713834,RoadBlock,9.979282,-1713834,RoadBlock,9.850122,-1713814,RoadBlock,9.86104,-1713814,RoadBlock,9.997029,,,0,,,0,,,0,,,0,,,0,,,0,,,0,,,0,,,0,,,0,,,0,,,0,,,0,,,0,,,0,,,0,,,0,,,0,,,0,,,0,,,0,,,0,,,0,,,0,,,0,13.49423,0.007662106,False,False,0,0,False,True,175.6558,1,1,-0.05109717
,,0,,,0,-1713604,Cube (3),8.711267,,,0,,,0,,,0,,,0,-1713834,RoadBlock,9.873778,-1713834,RoadBlock,9.717347,-1713834,RoadBlock,9.859659,-1713814,RoadBlock,9.996713,,,0,,,0,,,0,,,0,,,0,,,0,,,0,,,0,,,0,,,0,,,0,,,0,,,0,,,0,,,0,,,0,,,0,,,0,,,0,,,0,,,0,,,0,,,0,,,0,,,0,13.49363,1.021239,False,False,0,0,False,True,174.4319,1,1,-0.1674667
,,0,,,0,-1713604,Cube (3),8.735139,,,0,,,0,,,0,,,0,-1713834,RoadBlock,9.81753,-1713834,RoadBlock,9.640672,-1713834,RoadBlock,9.760365,-1713814,RoadBlock,10.0065,,,0,,,0,,,0,,,0,,,0,,,0,,,0,,,0,,,0,,,0,,,0,,,0,,,0,,,0,,,0,,,0,,,0,,,0,,,0,,,0,,,0,,,0,,,0,,,0,,,0,13.48555,0.9493812,False,False,0,0,False,True,175.7235,1,1,-0.3347912
,,0,,,0,-1713604,Cube (3),8.927135,,,0,,,0,,,0,,,0,-1713834,RoadBlock,9.772491,-1713834,RoadBlock,9.554095,-1713834,RoadBlock,9.630411,-1713834,RoadBlock,10.01365,,,0,,,0,,,0,,,0,,,0,,,0,,,0,,,0,,,0,,,0,,,0,,,0,,,0,,,0,,,0,,,0,,,0,,,0,,,0,,,0,,,0,,,0,,,0,,,0,,,0,13.47669,0.8059008,False,False,0,0,False,True,174.4825,1,1,-0.452386
,,0,,,0,-1713616,Cube (4),9.181371,,,0,,,0,,,0,,,0,-1713834,RoadBlock,9.774128,-1713834,RoadBlock,9.520089,-1713834,RoadBlock,9.56102,-1713834,RoadBlock,9.9035,,,0,,,0,,,0,,,0,,,0,,,0,,,0,,,0,,,0,,,0,,,0,,,0,,,0,,,0,,,0,,,0,,,0,,,0,,,0,,,0,,,0,,,0,,,0,,,0,,,0,13.48172,0.6856362,False,False,0,0,False,True,174.3324,1,1,-0.2833461
,,0,,,0,-1713616,Cube (4),9.202042,,,0,,,0,,,0,,,0,-1713834,RoadBlock,9.800776,-1713834,RoadBlock,9.494013,-1713834,RoadBlock,9.484287,-1713834,RoadBlock,9.770085,,,0,,,0,,,0,,,0,,,0,,,0,,,0,,,0,,,0,,,0,,,0,,,0,,,0,,,0,,,0,,,0,,,0,,,0,,,0,,,0,,,0,,,0,,,0,,,0,,,0,13.4907,0.510961,False,False,0,0,False,True,174.4078,1,1,-0.1176441
,,0,,,0,-1713616,Cube (4),9.185082,,,0,,,0,,,0,,,0,-1713834,RoadBlock,9.820321,-1713834,RoadBlock,9.484464,-1713834,RoadBlock,9.447331,-1713834,RoadBlock,9.70315,,,0,,,0,,,0,,,0,,,0,,,0,,,0,,,0,,,0,,,0,,,0,,,0,,,0,,,0,,,0,,,0,,,0,,,0,,,0,,,0,,,0,,,0,,,0,,,0,,,0,13.49155,0.4158028,False,False,0,0,False,True,174.4379,1,1,0
,,0,,,0,-1713616,Cube (4),9.125981,,,0,,,0,,,0,,,0,-1713834,RoadBlock,9.853124,-1713834,RoadBlock,9.479918,-1713834,RoadBlock,9.408375,-1713834,RoadBlock,9.627194,,,0,,,0,,,0,,,0,,,0,,,0,,,0,,,0,,,0,,,0,,,0,,,0,,,0,,,0,,,0,,,0,,,0,,,0,,,0,,,0,,,0,,,0,,,0,,,0,,,0,13.49349,0.295877,False,False,0,0,False,True,174.5154,1,1,-0.1685585
,,0,,,0,-1713616,Cube (4),9.114387,,,0,,,0,,,0,,,0,-1713834,RoadBlock,9.891073,-1713834,RoadBlock,9.491022,-1713834,RoadBlock,9.395434,-1713834,RoadBlock,9.589168,,,0,,,0,,,0,,,0,,,0,,,0,,,0,,,0,,,0,,,0,,,0,,,0,,,0,,,0,,,0,,,0,,,0,,,0,,,0,,,0,,,0,,,0,,,0,,,0,,,0,13.48942,0.2123943,False,False,0,0,False,True,174.5142,1,1,-0.2981055
,,0,,,0,-1713616,Cube (4),9.223843,,,0,,,0,,,0,,,0,-1713834,RoadBlock,9.997608,-1713834,RoadBlock,9.544913,-1713834,RoadBlock,9.403802,-1713834,RoadBlock,9.551744,-1713834,RoadBlock,10.01257,,,0,,,0,,,0,,,0,,,0,,,0,,,0,,,0,,,0,,,0,,,0,,,0,,,0,,,0,,,0,,,0,,,0,,,0,,,0,,,0,,,0,,,0,,,0,,,0,13.4772,0.05633676,False,False,0,0,False,True,174.6183,1,1,-0.4631347
,,0,,,0,-1713616,Cube (4),9.407508,,,0,,,0,,,0,,,0,,,0,-1713834,RoadBlock,9.611909,-1713834,RoadBlock,9.432807,-1713834,RoadBlock,9.543851,-1713834,RoadBlock,9.962944,,,0,,,0,,,0,,,0,,,0,,,0,,,0,,,0,,,0,,,0,,,0,,,0,,,0,,,0,,,0,,,0,,,0,,,0,,,0,,,0,,,0,,,0,,,0,,,0,13.48428,0.07127166,False,False,0,0,False,True,176.0977,1,1,-0.296308
,,0,,,0,-1713616,Cube (4),9.773885,,,0,,,0,,,0,,,0,,,0,-1713834,RoadBlock,9.746148,-1713834,RoadBlock,9.507434,-1713834,RoadBlock,9.562717,-1713834,RoadBlock,9.920865,,,0,,,0,,,0,,,0,,,0,,,0,,,0,,,0,,,0,,,0,,,0,,,0,,,0,,,0,,,0,,,0,,,0,,,0,,,0,,,0,,,0,,,0,,,0,,,0,13.48913,0.2648638,False,False,0,0,False,True,174.7868,1,1,-0.1777625
,,0,,,0,,,0,,,0,,,0,,,0,,,0,,,0,-1713834,RoadBlock,9.844695,-1713834,RoadBlock,9.570409,-1713834,RoadBlock,9.593573,-1713834,RoadBlock,9.91796,,,0,,,0,,,0,,,0,,,0,,,0,,,0,,,0,,,0,,,0,,,0,,,0,,,0,,,0,,,0,,,0,,,0,,,0,,,0,,,0,,,0,,,0,,,0,,,0,13.49074,0.3759117,False,False,0,0,False,True,174.6844,1,1,-0.01091393
,,0,,,0,,,0,,,0,,,0,,,0,,,0,,,0,,,0,-1713834,RoadBlock,9.671918,-1713834,RoadBlock,9.658536,-1713834,RoadBlock,9.945979,,,0,,,0,,,0,,,0,,,0,,,0,,,0,,,0,,,0,,,0,,,0,,,0,,,0,,,0,,,0,,,0,,,0,,,0,,,0,,,0,,,0,,,0,,,0,,,0,13.49402,0.5009069,False,False,0,0,False,True,174.7995,1,1,-0.04769368
,,0,,,0,,,0,,,0,,,0,,,0,,,0,,,0,-1713854,RoadBlock,10.00568,-1713834,RoadBlock,9.747882,-1713834,RoadBlock,9.712745,-1713834,RoadBlock,9.978979,,,0,,,0,,,0,,,0,,,0,,,0,,,0,,,0,,,0,,,0,,,0,,,0,,,0,,,0,,,0,,,0,,,0,,,0,,,0,,,0,,,0,,,0,,,0,,,0,13.49382,0.5740514,False,False,0,0,False,True,174.8174,1,1,-0.1795304
,,0,,,0,,,0,,,0,,,0,,,0,,,0,,,0,-1713854,RoadBlock,9.974496,-1713854,RoadBlock,9.94949,-1713834,RoadBlock,9.813775,,,0,,,0,,,0,,,0,,,0,,,0,,,0,,,0,,,0,,,0,,,0,,,0,,,0,,,0,,,0,,,0,,,0,,,0,,,0,,,0,,,0,,,0,,,0,,,0,,,0,13.486,0.6982789,False,False,0,0,False,True,174.9281,1,1,-0.3537341
,,0,,,0,,,0,,,0,,,0,,,0,,,0,,,0,-1713854,RoadBlock,9.973474,-1713854,RoadBlock,9.919089,-1713834,RoadBlock,9.896947,,,0,,,0,,,0,,,0,,,0,,,0,,,0,,,0,,,0,,,0,,,0,,,0,,,0,,,0,,,0,,,0,,,0,,,0,,,0,,,0,,,0,,,0,,,0,,,0,,,0,13.48939,0.3295812,False,False,0,0,False,True,174.9904,1,1,-0.2333353
,,0,,,0,,,0,,,0,,,0,,,0,,,0,,,0,-1713854,RoadBlock,9.979151,-1713854,RoadBlock,9.889119,,,0,,,0,,,0,,,0,,,0,,,0,,,0,,,0,,,0,,,0,,,0,,,0,,,0,,,0,,,0,,,0,,,0,,,0,,,0,,,0,,,0,,,0,,,0,,,0,,,0,,,0,13.33345,0.2116279,False,False,0,0,False,True,175.1119,1,0.928111,-0.06212707
,,0,,,0,,,0,,,0,,,0,,,0,,,0,,,0,-1713854,RoadBlock,9.984613,-1713854,RoadBlock,9.876354,,,0,,,0,,,0,,,0,,,0,,,0,,,0,,,0,,,0,,,0,,,0,,,0,,,0,,,0,,,0,,,0,,,0,,,0,,,0,,,0,,,0,,,0,,,0,,,0,,,0,,,0,13.48494,0.1514403,False,False,0,0,False,True,175.1765,1,1,0
,,0,,,0,,,0,,,0,,,0,,,0,,,0,,,0,-1713854,RoadBlock,9.993378,-1713854,RoadBlock,9.864464,,,0,,,0,,,0,,,0,,,0,,,0,,,0,,,0,,,0,,,0,,,0,,,0,,,0,,,0,,,0,,,0,,,0,,,0,,,0,,,0,,,0,,,0,,,0,,,0,,,0,,,0,13.49563,0.08339251,False,False,0,0,False,True,175.3758,1,1,0
,,0,,,0,,,0,,,0,,,0,,,0,,,0,,,0,-1713854,RoadBlock,10.00262,-1713854,RoadBlock,9.861693,,,0,,,0,,,0,,,0,,,0,,,0,,,0,,,0,,,0,,,0,,,0,,,0,,,0,,,0,,,0,,,0,,,0,,,0,,,0,,,0,,,0,,,0,,,0,,,0,,,0,,,0,13.49333,0.04396866,False,False,0,0,False,True,177.0768,1,1,-0.1723187
,,0,,,0,,,0,,,0,,,0,,,0,,,0,,,0,,,0,-1713854,RoadBlock,9.871872,-1713854,RoadBlock,10.01061,,,0,,,0,,,0,,,0,,,0,,,0,,,0,,,0,,,0,,,0,,,0,,,0,,,0,,,0,,,0,,,0,,,0,,,0,,,0,,,0,,,0,,,0,,,0,,,0,,,0,13.4883,0.03327941,False,False,0,0,False,True,175.7558,1,1,-0.2965575
,,0,,,0,,,0,,,0,,,0,,,0,,,0,,,0,,,0,-1713854,RoadBlock,9.893821,-1713854,RoadBlock,10.00967,,,0,,,0,,,0,,,0,,,0,,,0,,,0,,,0,,,0,,,0,,,0,,,0,,,0,,,0,,,0,,,0,,,0,,,0,,,0,,,0,,,0,,,0,,,0,,,0,,,0,13.48678,0.109003,False,False,0,0,False,True,177.5694,1,1,-0.262365
,,0,,,0,,,0,,,0,,,0,,,0,,,0,,,0,,,0,-1713854,RoadBlock,9.948963,,,0,,,0,,,0,,,0,,,0,,,0,,,0,,,0,,,0,,,0,,,0,,,0,,,0,,,0,,,0,,,0,,,0,,,0,,,0,,,0,,,0,,,0,,,0,,,0,,,0,,,0,13.4921,0.238696,False,False,0,0,False,True,176.3203,1,1,-0.1405768
,,0,,,0,,,0,,,0,,,0,,,0,,,0,,,0,,,0,-1713854,RoadBlock,9.994218,,,0,,,0,,,0,,,0,,,0,,,0,,,0,,,0,,,0,,,0,,,0,,,0,,,0,,,0,,,0,,,0,,,0,,,0,,,0,,,0,,,0,,,0,,,0,,,0,,,0,,,0,13.49323,0.3150151,False,False,0,0,False,True,176.4885,1,1,0
,,0,,,0,,,0,,,0,,,0,,,0,,,0,,,0,,,0,,,0,,,0,,,0,,,0,,,0,,,0,,,0,,,0,,,0,,,0,,,0,,,0,,,0,,,0,,,0,,,0,,,0,,,0,,,0,,,0,,,0,,,0,,,0,,,0,,,0,,,0,,,0,13.49467,0.4027885,False,False,0,0,False,True,176.8934,1,1,-0.04969902
,,0,,,0,,,0,,,0,,,0,,,0,,,0,,,0,,,0,,,0,,,0,,,0,,,0,,,0,,,0,,,0,,,0,,,0,,,0,,,0,,,0,,,0,,,0,,,0,,,0,,,0,,,0,,,0,,,0,,,0,,,0,,,0,,,0,,,0,,,0,,,0,13.49354,0.4575516,False,False,0,0,False,True,177.1239,1,1,-0.1722508
,,0,,,0,,,0,,,0,,,0,,,0,,,0,,,0,,,0,,,0,,,0,,,0,,,0,,,0,,,0,,,0,,,0,,,0,,,0,,,0,,,0,,,0,,,0,,,0,,,0,,,0,,,0,,,0,,,0,,,0,,,0,,,0,,,0,,,0,,,0,,,0,13.48521,0.5616328,False,False,0,0,False,True,177.5009,1,1,-0.3346785
,,0,,,0,,,0,,,0,,,0,,,0,,,0,,,0,,,0,,,0,,,0,,,0,,,0,,,0,,,0,,,0,,,0,,,0,,,0,,,0,,,0,,,0,,,0,,,0,,,0,,,0,,,0,,,0,,,0,,,0,,,0,,,0,,,0,,,0,,,0,,,0,13.49168,0.6472301,False,False,0,0,False,True,179.4093,1,1,-0.1635031
,,0,,,0,,,0,,,0,,,0,,,0,,,0,,,0,,,0,,,0,,,0,,,0,,,0,,,0,,,0,,,0,,,0,,,0,,,0,,,0,,,0,,,0,,,0,,,0,,,0,,,0,,,0,,,0,,,0,,,0,,,0,,,0,,,0,,,0,,,0,,,0,13.49343,0.7693511,False,False,0,0,False,True,178.0707,1,1,-0.04913668
,,0,,,0,,,0,,,0,,,0,,,0,,,0,,,0,,,0,,,0,,,0,,,0,,,0,,,0,,,0,,,0,,,0,,,0,,,0,,,0,,,0,,,0,,,0,,,0,,,0,,,0,,,0,,,0,,,0,,,0,,,0,,,0,,,0,,,0,,,0,,,0,13.49372,0.8329374,False,False,0,0,False,True,178.1712,1,1,0
,,0,,,0,,,0,,,0,,,0,,,0,,,0,,,0,,,0,,,0,,,0,,,0,,,0,,,0,,,0,,,0,,,0,,,0,,,0,,,0,,,0,,,0,,,0,,,0,,,0,,,0,,,0,,,0,,,0,,,0,,,0,,,0,,,0,,,0,,,0,,,0,13.49505,0.2189636,False,False,0,0,False,True,178.4973,1,1,-0.04793218
,,0,,,0,,,0,,,0,,,0,,,0,,,0,,,0,,,0,,,0,,,0,,,0,,,0,,,0,,,0,,,0,,,0,,,0,,,0,,,0,,,0,,,0,,,0,,,0,,,0,,,0,,,0,,,0,,,0,,,0,,,0,,,0,,,0,,,0,,,0,,,0,13.49347,0.1714979,False,False,0,0,False,True,178.688,1,1,-0.1666724
,,0,,,0,,,0,,,0,,,0,,,0,,,0,,,0,,,0,,,0,,,0,,,0,,,0,,,0,,,0,,,0,,,0,,,0,,,0,,,0,,,0,,,0,,,0,,,0,,,0,,,0,,,0,,,0,,,0,,,0,,,0,,,0,,,0,,,0,,,0,,,0,13.48497,0.07533015,False,False,0,0,False,True,178.9993,1,1,-0.3309993
,,0,,,0,,,0,,,0,,,0,,,0,,,0,,,0,,,0,,,0,,,0,,,0,,,0,,,0,,,0,,,0,,,0,,,0,,,0,,,0,,,0,,,0,,,0,,,0,,,0,,,0,,,0,,,0,,,0,,,0,,,0,,,0,,,0,,,0,,,0,,,0,13.49197,0.006256453,False,False,0,0,False,True,180.9422,1,1,-0.1551612
,,0,,,0,,,0,,,0,,,0,,,0,,,0,,,0,,,0,,,0,,,0,,,0,,,0,,,0,,,0,,,0,,,0,,,0,,,0,,,0,,,0,,,0,,,0,,,0,,,0,,,0,,,0,,,0,,,0,,,0,,,0,,,0,,,0,,,0,,,0,,,0,13.49355,0.1209012,False,False,0,0,False,True,179.4362,1,1,-0.03461472
,,0,,,0,,,0,,,0,,,0,,,0,,,0,,,0,,,0,,,0,,,0,,,0,,,0,,,0,,,0,,,0,,,0,,,0,,,0,,,0,,,0,,,0,,,0,,,0,,,0,,,0,,,0,,,0,,,0,,,0,,,0,,,0,,,0,,,0,,,0,,,0,13.494,0.1803853,False,False,0,0,False,True,179.4758,1,1,-0.04892445
,,0,,,0,,,0,,,0,,,0,,,0,,,0,,,0,,,0,,,0,,,0,,,0,,,0,,,0,,,0,,,0,,,0,,,0,,,0,,,0,,,0,,,0,,,0,,,0,,,0,,,0,,,0,,,0,,,0,,,0,,,0,,,0,,,0,,,0,,,0,,,0,13.49353,0.2607001,False,False,0,0,False,True,179.7474,1,1,-0.2160925
,,0,,,0,,,0,,,0,,,0,,,0,,,0,,,0,,,0,,,0,,,0,,,0,,,0,,,0,,,0,,,0,,,0,,,0,,,0,,,0,,,0,,,0,,,0,,,0,,,0,,,0,,,0,,,0,,,0,,,0,,,0,,,0,,,0,,,0,,,0,,,0,13.48868,0.3248725,False,False,0,0,False,True,179.8934,1,1,-0.3384124
,,0,,,0,,,0,,,0,,,0,,,0,,,0,,,0,,,0,,,0,,,0,,,0,,,0,,,0,,,0,,,0,,,0,,,0,,,0,,,0,,,0,,,0,,,0,,,0,,,0,,,0,,,0,,,0,,,0,,,0,,,0,,,0,,,0,,,0,,,0,,,0,13.49194,0.4424965,False,False,0,0,False,True,180.1497,1,1,-0.1686767
,,0,,,0,,,0,,,0,,,0,,,0,,,0,,,0,,,0,,,0,,,0,,,0,,,0,,,0,,,0,,,0,,,0,,,0,,,0,,,0,,,0,,,0,,,0,,,0,,,0,,,0,,,0,,,0,,,0,,,0,,,0,,,0,,,0,,,0,,,0,,,0,13.49377,0.5167065,False,False,0,0,False,True,180.3163,1,1,-0.05398428
,,0,,,0,,,0,,,0,,,0,,,0,,,0,,,0,,,0,,,0,,,0,,,0,,,0,,,0,,,0,,,0,,,0,,,0,,,0,,,0,,,0,,,0,,,0,,,0,,,0,,,0,,,0,,,0,,,0,,,0,,,0,,,0,,,0,,,0,,,0,,,0,13.4946,0.6018421,False,False,0,0,False,True,180.5903,1,1,0
,,0,,,0,,,0,,,0,,,0,,,0,,,0,,,0,,,0,,,0,,,0,,,0,,,0,,,0,,,0,,,0,,,0,,,0,,,0,,,0,,,0,,,0,,,0,,,0,,,0,,,0,,,0,,,0,,,0,,,0,,,0,,,0,,,0,,,0,,,0,,,0,13.49507,0.6443696,False,False,0,0,False,True,180.6225,1,1,0
,,0,,,0,,,0,,,0,,,0,,,0,,,0,,,0,,,0,,,0,,,0,,,0,,,0,,,0,,,0,,,0,,,0,,,0,,,0,,,0,,,0,,,0,,,0,,,0,,,0,,,0,,,0,,,0,,,0,,,0,,,0,,,0,,,0,,,0,,,0,,,0,13.49532,0.6927478,False,False,0,0,False,True,180.9023,1,1,0
,,0,,,0,,,0,,,0,,,0,,,0,,,0,,,0,,,0,,,0,,,0,,,0,,,0,,,0,,,0,,,0,,,0,,,0,,,0,,,0,,,0,,,0,,,0,,,0,,,0,,,0,,,0,,,0,,,0,,,0,,,0,,,0,,,0,,,0,,,0,,,0,13.49463,0.7223744,False,False,0,0,False,True,181.0654,1,1,-0.1203528
,,0,,,0,,,0,,,0,,,0,,,0,,,0,,,0,,,0,,,0,,,0,,,0,,,0,,,0,,,0,,,0,,,0,,,0,,,0,,,0,,,0,,,0,,,0,,,0,,,0,,,0,,,0,-1713864,RoadBlock,9.958505,,,0,,,0,,,0,,,0,,,0,,,0,,,0,,,0,13.48792,0.3361792,False,False,0,0,False,True,181.3767,1,1,-0.2870133
,,0,,,0,,,0,,,0,,,0,,,0,,,0,,,0,,,0,,,0,,,0,,,0,,,0,,,0,,,0,,,0,,,0,,,0,,,0,,,0,,,0,,,0,,,0,,,0,,,0,,,0,,,0,-1713884,RoadBlock,9.959485,,,0,,,0,,,0,,,0,,,0,,,0,,,0,,,0,13.49169,0.2759888,False,False,0,0,False,True,181.5247,1,1,-0.1400714
,,0,,,0,,,0,,,0,,,0,,,0,,,0,,,0,,,0,,,0,,,0,,,0,,,0,,,0,,,0,,,0,,,0,,,0,,,0,,,0,,,0,,,0,,,0,,,0,,,0,,,0,,,0,-1713884,RoadBlock,9.970467,,,0,,,0,,,0,,,0,,,0,,,0,,,0,,,0,13.49417,0.1943612,False,False,0,0,False,True,181.9103,1,1,0
,,0,,,0,,,0,,,0,,,0,,,0,,,0,,,0,,,0,,,0,,,0,,,0,,,0,,,0,,,0,,,0,,,0,,,0,,,0,,,0,,,0,,,0,,,0,,,0,,,0,,,0,,,0,-1713884,RoadBlock,9.977035,,,0,,,0,,,0,,,0,,,0,,,0,,,0,,,0,13.49487,0.1531356,False,False,0,0,False,True,182.153,1,1,0
,,0,,,0,,,0,,,0,,,0,,,0,,,0,,,0,,,0,,,0,,,0,,,0,,,0,,,0,,,0,,,0,,,0,,,0,,,0,,,0,,,0,,,0,,,0,,,0,,,0,,,0,,,0,-1713884,RoadBlock,9.984933,,,0,,,0,,,0,,,0,,,0,,,0,,,0,,,0,13.49525,0.1062764,False,False,0,0,False,True,182.6084,1,1,0
,,0,,,0,,,0,,,0,,,0,,,0,,,0,,,0,,,0,,,0,,,0,,,0,,,0,,,0,,,0,,,0,,,0,,,0,,,0,,,0,,,0,,,0,,,0,,,0,,,0,,,0,,,0,-1713884,RoadBlock,9.988764,,,0,,,0,,,0,,,0,,,0,,,0,,,0,,,0,13.49534,0.08256742,False,False,0,0,False,True,182.9053,1,1,0
,,0,,,0,,,0,,,0,,,0,,,0,,,0,,,0,,,0,,,0,,,0,,,0,,,0,,,0,,,0,,,0,,,0,,,0,,,0,,,0,,,0,,,0,,,0,,,0,,,0,,,0,,,0,-1713884,RoadBlock,9.99259,,,0,,,0,,,0,,,0,,,0,,,0,,,0,,,0,13.49538,0.05532043,False,False,0,0,False,True,183.3498,1,1,0
,,0,,,0,,,0,,,0,,,0,,,0,,,0,,,0,,,0,,,0,,,0,,,0,,,0,,,0,,,0,,,0,,,0,,,0,,,0,,,0,,,0,,,0,,,0,,,0,,,0,,,0,,,0,-1713884,RoadBlock,9.993956,,,0,,,0,,,0,,,0,,,0,,,0,,,0,,,0,13.49537,0.04149613,False,False,0,0,False,True,185.654,1,1,0
,,0,,,0,,,0,,,0,,,0,,,0,,,0,,,0,,,0,,,0,,,0,,,0,,,0,,,0,,,0,,,0,,,0,,,0,,,0,,,0,,,0,,,0,,,0,,,0,,,0,,,0,,,0,-1713884,RoadBlock,9.994428,-1713904,RoadBlock,9.770882,,,0,,,0,,,0,,,0,,,0,,,0,,,0,13.49537,0.0254889,False,False,0,0,False,True,183.9305,1,1,0
,,0,,,0,,,0,,,0,,,0,,,0,,,0,,,0,,,0,,,0,,,0,,,0,,,0,,,0,,,0,,,0,,,0,,,0,,,0,,,0,,,0,,,0,,,0,,,0,,,0,,,0,,,0,-1713884,RoadBlock,9.99386,-1713904,RoadBlock,9.865286,,,0,,,0,,,0,,,0,,,0,,,0,,,0,13.49537,0.01735961,False,False,0,0,False,True,184.1737,1,1,0
,,0,,,0,,,0,,,0,,,0,,,0,,,0,,,0,,,0,,,0,,,0,,,0,,,0,,,0,,,0,,,0,,,0,,,0,,,0,,,0,,,0,,,0,,,0,,,0,,,0,,,0,,,0,-1713884,RoadBlock,9.991899,-1713904,RoadBlock,10.00735,,,0,,,0,,,0,,,0,,,0,,,0,,,0,13.49537,0.007913457,False,False,0,0,False,True,184.52,1,1,0
,,0,,,0,,,0,,,0,,,0,,,0,,,0,,,0,,,0,,,0,,,0,,,0,,,0,,,0,,,0,,,0,,,0,,,0,,,0,,,0,,,0,,,0,,,0,,,0,,,0,,,0,,,0,-1713904,RoadBlock,9.647634,,,0,,,0,,,0,,,0,,,0,,,0,,,0,,,0,13.49537,0.003427389,False,False,0,0,False,True,184.7205,1,1,0
,,0,,,0,,,0,,,0,,,0,,,0,,,0,,,0,,,0,,,0,,,0,,,0,,,0,,,0,,,0,,,0,,,0,,,0,,,0,,,0,,,0,,,0,,,0,,,0,,,0,,,0,,,0,-1713904,RoadBlock,9.785464,,,0,,,0,,,0,,,0,,,0,,,0,,,0,,,0,13.49537,0.003427389,False,False,0,0,False,True,185.0402,1,1,0
,,0,,,0,,,0,,,0,,,0,,,0,,,0,,,0,,,0,,,0,,,0,,,0,,,0,,,0,,,0,,,0,,,0,,,0,,,0,,,0,,,0,,,0,,,0,,,0,,,0,,,0,-1713904,RoadBlock,9.736466,-1713904,RoadBlock,9.877181,,,0,,,0,,,0,,,0,,,0,,,0,,,0,,,0,13.49537,0.006256453,False,False,0,0,False,True,187.3523,1,1,0
,,0,,,0,,,0,,,0,,,0,,,0,,,0,,,0,,,0,,,0,,,0,,,0,,,0,,,0,,,0,,,0,,,0,,,0,,,0,,,0,,,0,,,0,,,0,,,0,,,0,,,0,-1713904,RoadBlock,9.872859,-1713884,RoadBlock,9.978507,,,0,,,0,,,0,,,0,,,0,,,0,,,0,,,0,13.49538,0.009692038,False,False,0,0,False,True,185.4975,1,1,0
,,0,,,0,,,0,,,0,,,0,,,0,,,0,,,0,,,0,,,0,,,0,,,0,,,0,,,0,,,0,,,0,,,0,,,0,,,0,,,0,,,0,,,0,,,0,,,0,,,0,,,0,-1713904,RoadBlock,9.963527,-1713884,RoadBlock,9.97499,,,0,,,0,,,0,,,0,,,0,,,0,,,0,,,0,13.49538,0.01119058,False,False,0,0,False,True,185.5175,1,1,0
,,0,,,0,,,0,,,0,,,0,,,0,,,0,,,0,,,0,,,0,,,0,,,0,,,0,,,0,,,0,,,0,,,0,,,0,,,0,,,0,,,0,,,0,,,0,,,0,,,0,,,0,,,0,-1713884,RoadBlock,9.969378,,,0,,,0,,,0,,,0,,,0,,,0,,,0,,,0,13.49538,1.111964,False,False,0,0,False,True,185.7481,1,1,0
,,0,,,0,,,0,,,0,,,0,,,0,,,0,,,0,,,0,,,0,,,0,,,0,,,0,,,0,,,0,,,0,,,0,,,0,,,0,,,0,,,0,,,0,,,0,,,0,,,0,,,0,,,0,,,0,,,0,,,0,,,0,,,0,,,0,,,0,,,0,,,0,13.49538,1.110917,False,False,0,0,False,True,185.8621,1,1,0
,,0,,,0,,,0,,,0,,,0,,,0,,,0,,,0,,,0,,,0,,,0,,,0,,,0,,,0,,,0,,,0,,,0,,,0,,,0,,,0,,,0,,,0,,,0,,,0,,,0,,,0,,,0,,,0,,,0,,,0,,,0,,,0,,,0,,,0,,,0,,,0,13.49412,1.104325,False,False,0,0,False,True,186.0795,1,1,-0.09953041
,,0,,,0,-1713998,Pavement (1),9.854499,,,0,,,0,,,0,,,0,,,0,,,0,,,0,,,0,,,0,,,0,,,0,,,0,,,0,,,0,,,0,,,0,,,0,,,0,,,0,,,0,,,0,,,0,,,0,,,0,,,0,,,0,,,0,,,0,,,0,,,0,,,0,,,0,,,0,13.49,1.082932,False,False,0,0,False,True,186.1891,1,1,-0.2227321
,,0,,,0,-1713998,Pavement (1),9.684029,,,0,,,0,,,0,,,0,,,0,-1713764,RoadBlock,9.988145,,,0,,,0,,,0,,,0,,,0,,,0,,,0,,,0,,,0,,,0,,,0,,,0,,,0,,,0,,,0,,,0,,,0,,,0,,,0,,,0,,,0,,,0,,,0,,,0,,,0,,,0,,,0,13.47922,1.005035,False,False,0,0,False,True,186.4077,1,1,-0.3873379
,,0,,,0,-1713998,Pavement (1),9.656995,,,0,,,0,,,0,,,0,,,0,-1713764,RoadBlock,9.927951,,,0,,,0,,,0,,,0,,,0,,,0,,,0,,,0,,,0,,,0,,,0,,,0,,,0,,,0,,,0,,,0,,,0,,,0,,,0,,,0,,,0,,,0,,,0,,,0,,,0,,,0,,,0,13.48823,0.9253308,False,False,0,0,False,True,188.7569,1,1,-0.2124089
,,0,,,0,-1713998,Pavement (1),9.654671,,,0,,,0,,,0,,,0,,,0,-1713764,RoadBlock,9.85499,-1713764,RoadBlock,9.913793,,,0,,,0,,,0,,,0,,,0,,,0,,,0,,,0,,,0,,,0,,,0,,,0,,,0,,,0,,,0,,,0,,,0,,,0,,,0,,,0,,,0,,,0,,,0,,,0,,,0,,,0,13.49156,0.8007413,False,False,0,0,False,True,186.7095,1,1,-0.09582172
,,0,,,0,-1713998,Pavement (1),9.626236,,,0,,,0,,,0,,,0,,,0,-1713764,RoadBlock,9.811676,-1713764,RoadBlock,9.849582,,,0,,,0,,,0,,,0,,,0,,,0,,,0,,,0,,,0,,,0,,,0,,,0,,,0,,,0,,,0,,,0,,,0,,,0,,,0,,,0,,,0,,,0,,,0,,,0,,,0,,,0,13.49231,0.7321061,False,False,0,0,False,True,186.6847,1,1,0
,,0,,,0,-1713998,Pavement (1),9.521219,,,0,,,0,,,0,,,0,,,0,-1713764,RoadBlock,9.749194,-1713764,RoadBlock,9.763991,,,0,,,0,,,0,,,0,,,0,,,0,,,0,,,0,,,0,,,0,,,0,,,0,,,0,,,0,,,0,,,0,,,0,,,0,,,0,,,0,,,0,,,0,,,0,,,0,,,0,,,0,13.49443,0.6552159,False,False,0,0,False,True,186.907,1,1,0
,,0,,,0,-1713998,Pavement (1),9.419555,,,0,,,0,,,0,,,0,-1713764,RoadBlock,10.00845,-1713764,RoadBlock,9.708884,-1713764,RoadBlock,9.712268,,,0,,,0,,,0,,,0,,,0,,,0,,,0,,,0,,,0,,,0,,,0,,,0,,,0,,,0,,,0,,,0,,,0,,,0,,,0,,,0,,,0,,,0,,,0,,,0,,,0,,,0,13.49499,0.6168289,False,False,0,0,False,True,187.0477,1,1,0
,,0,,,0,-1713998,Pavement (1),9.232464,,,0,,,0,,,0,,,0,-1714032,RoadBlock,9.933081,-1713764,RoadBlock,9.650049,-1713764,RoadBlock,9.640571,-1713764,RoadBlock,9.931562,,,0,,,0,,,0,,,0,,,0,,,0,,,0,,,0,,,0,,,0,,,0,,,0,,,0,,,0,,,0,,,0,,,0,,,0,,,0,,,0,,,0,,,0,,,0,,,0,,,0,13.49529,0.573128,False,False,0,0,False,True,187.3296,1,1,0
,,0,,,0,-1713998,Pavement (1),9.087142,,,0,,,0,,,0,,,0,-1714032,RoadBlock,9.83032,-1713764,RoadBlock,9.607642,-1713764,RoadBlock,9.591663,-1713764,RoadBlock,9.874494,,,0,,,0,-1713700,Cube (10),9.791668,-1713700,Cube (10),9.639902,,,0,,,0,,,0,,,0,,,0,,,0,,,0,,,0,,,0,,,0,,,0,,,0,,,0,,,0,,,0,,,0,,,0,,,0,,,0,,,0,,,0,13.55853,8.961829,False,False,0,0,False,True,189.8751,1,1,0
,,0,,,0,-1713998,Pavement (1),8.855852,,,0,,,0,,,0,,,0,-1714032,RoadBlock,9.684774,-1713764,RoadBlock,9.553477,-1713764,RoadBlock,9.529391,-1713764,RoadBlock,9.801671,,,0,,,0,-1713700,Cube (10),8.622177,-1713700,Cube (10),7.612625,,,0,,,0,,,0,,,0,,,0,,,0,-1713748,Cube (15),9.738407,-1713748,Cube (15),8.721362,,,0,,,0,,,0,,,0,,,0,,,0,,,0,,,0,,,0,,,0,,,0,,,0,,,0,13.49955,8.991308,False,False,0,0,False,True,187.8728,1,1,0
,,0,,,0,-1713998,Pavement (1),8.687654,,,0,,,0,,,0,,,0,-1714032,RoadBlock,9.586697,-1714032,RoadBlock,9.462324,-1713764,RoadBlock,9.489776,-1713764,RoadBlock,9.757174,,,0,,,0,-1713700,Cube (10),8.707964,-1713700,Cube (10),7.505392,,,0,,,0,,,0,,,0,,,0,,,0,-1713748,Cube (15),9.848661,-1713748,Cube (15),8.002731,-1713748,Cube (15),8.059469,,,0,,,0,,,0,,,0,,,0,,,0,,,0,,,0,,,0,,,0,-1714010,hole,6.934758,,,0,13.49478,0.5152258,False,False,0,0,False,True,188.0455,1,1,0
,,0,,,0,-1713998,Pavement (1),8.427391,,,0,,,0,,,0,-1714032,RoadBlock,9.870735,-1714032,RoadBlock,9.438254,-1714032,RoadBlock,9.311911,-1713764,RoadBlock,9.431139,-1713764,RoadBlock,9.692699,,,0,,,0,-1713700,Cube (10),9.301803,-1713700,Cube (10),7.624786,-1713700,Cube (10),9.970716,,,0,,,0,,,0,,,0,,,0,,,0,-1713748,Cube (15),8.123288,-1713748,Cube (15),7.996192,-1713748,Cube (15),9.956557,,,0,,,0,,,0,,,0,,,0,,,0,,,0,,,0,,,0,-1714010,hole,6.073452,,,0,13.49816,0.5014465,False,False,0,0,False,True,188.4734,1,1,0
,,0,,,0,-1713998,Pavement (1),8.243495,,,0,,,0,,,0,-1714032,RoadBlock,9.765132,-1714032,RoadBlock,9.335752,-1714032,RoadBlock,9.209523,-1714032,RoadBlock,9.366495,-1713764,RoadBlock,9.650152,,,0,,,0,-1713700,Cube (10),8.709532,-1713700,Cube (10),7.772862,-1713700,Cube (10),9.841196,,,0,,,0,,,0,,,0,,,0,,,0,,,0,,,0,,,0,,,0,,,0,,,0,,,0,,,0,,,0,,,0,,,0,,,0,-1714010,hole,5.693941,,,0,13.53402,1.058436,False,False,0,0,False,True,188.7389,1,1,0
,,0,,,0,-1713998,Pavement (1),7.98192,,,0,,,0,,,0,-1714032,RoadBlock,9.613256,-1714032,RoadBlock,9.187592,-1714032,RoadBlock,9.060814,-1714032,RoadBlock,9.212648,-1713764,RoadBlock,9.589858,,,0,,,0,,,0,,,0,,,0,,,0,,,0,,,0,,,0,,,0,,,0,,,0,,,0,,,0,,,0,,,0,,,0,,,0,,,0,,,0,,,0,,,0,,,0,,,0,,,0,13.478,1.045192,False,False,0,0,False,True,189.1069,1,1,0
,,0,,,0,-1713998,Pavement (1),7.798839,,,0,,,0,,,0,-1714032,RoadBlock,9.511734,-1714032,RoadBlock,9.089437,-1714032,RoadBlock,8.96298,-1714032,RoadBlock,9.112084,-1713764,RoadBlock,9.551689,,,0,,,0,,,0,,,0,,,0,,,0,,,0,,,0,,,0,,,0,,,0,,,0,,,0,,,0,,,0,,,0,,,0,,,0,,,0,,,0,,,0,,,0,,,0,,,0,,,0,13.50369,1.040451,False,False,0,0,False,True,191.7688,1,1,0
,,0,,,0,-1713998,Pavement (1),7.706323,,,0,,,0,,,0,-1714032,RoadBlock,9.461065,-1714032,RoadBlock,9.040497,-1714032,RoadBlock,8.914227,-1714032,RoadBlock,9.061993,-1714032,RoadBlock,9.507547,,,0,,,0,,,0,,,0,,,0,,,0,,,0,,,0,,,0,,,0,,,0,,,0,,,0,,,0,,,0,,,0,,,0,,,0,,,0,,,0,,,0,,,0,,,0,,,0,,,0,13.50165,1.038581,False,False,0,0,False,True,209.0788,1,1,0
,,0,,,0,-1713998,Pavement (1),7.706323,,,0,,,0,,,0,-1714032,RoadBlock,9.461065,-1714032,RoadBlock,9.040497,-1714032,RoadBlock,8.914227,-1714032,RoadBlock,9.061993,-1714032,RoadBlock,9.507547,,,0,,,0,,,0,,,0,,,0,,,0,,,0,,,0,,,0,,,0,,,0,,,0,,,0,,,0,,,0,,,0,,,0,,,0,,,0,,,0,,,0,,,0,,,0,,,0,,,0,13.49637,1.038581,False,False,0,0,False,True,239.3923,1,1,0
,,0,,,0,-1713998,Pavement (1),7.054437,,,0,,,0,-1714032,RoadBlock,9.868917,-1714032,RoadBlock,9.107156,-1714032,RoadBlock,8.699265,-1714032,RoadBlock,8.574737,-1714032,RoadBlock,8.713681,-1714032,RoadBlock,9.138515,-1714032,RoadBlock,9.923368,,,0,,,0,,,0,,,0,,,0,,,0,,,0,,,0,,,0,,,0,,,0,,,0,,,0,,,0,,,0,,,0,,,0,,,0,,,0,,,0,,,0,,,0,,,0,,,0,13.49508,1.028699,False,False,0,0,False,True,190.1206,1,1,0
,,0,-1713998,Pavement (1),9.989522,-1713998,Pavement (1),6.86654,,,0,,,0,-1714032,RoadBlock,9.759583,-1714032,RoadBlock,9.005678,-1714032,RoadBlock,8.601832,-1714032,RoadBlock,8.478206,-1714032,RoadBlock,8.615064,-1714032,RoadBlock,9.034494,-1714032,RoadBlock,9.809673,,,0,,,0,,,0,,,0,,,0,,,0,,,0,,,0,,,0,,,0,,,0,,,0,,,0,,,0,,,0,,,0,,,0,,,0,,,0,,,0,,,0,,,0,,,0,,,0,13.4947,1.026882,False,False,0,0,False,True,192.8203,1,1,0
,,0,-1713998,Pavement (1),9.581233,-1713998,Pavement (1),6.583593,,,0,,,0,-1714032,RoadBlock,9.59506,-1714032,RoadBlock,8.853281,-1714032,RoadBlock,8.45576,-1714032,RoadBlock,8.33374,-1714032,RoadBlock,8.467729,-1714032,RoadBlock,8.879358,-1714032,RoadBlock,9.6404,,,0,,,0,,,0,,,0,,,0,,,0,,,0,,,0,,,0,,,0,,,0,,,0,,,0,,,0,,,0,,,0,,,0,,,0,,,0,,,0,,,0,,,0,,,0,,,0,13.49488,1.024807,False,False,0,0,False,True,190.6632,1,1,0
,,0,-1713998,Pavement (1),9.335636,-1713998,Pavement (1),6.407715,,,0,,,0,-1714032,RoadBlock,9.492023,-1714032,RoadBlock,8.756207,-1714032,RoadBlock,8.36136,-1714032,RoadBlock,8.239127,-1714032,RoadBlock,8.369966,-1714032,RoadBlock,8.774984,-1714032,RoadBlock,9.524769,,,0,,,0,,,0,,,0,,,0,,,0,,,0,,,0,,,0,,,0,,,0,,,0,,,0,,,0,,,0,,,0,,,0,,,0,,,0,,,0,,,0,,,0,,,0,,,0,13.49233,1.018399,False,False,0,0,False,True,193.2416,1,1,-0.1756948
,,0,-1713998,Pavement (1),9.12998,-1713998,Pavement (1),6.221435,,,0,,,0,-1714032,RoadBlock,9.378511,-1714032,RoadBlock,8.638513,-1714032,RoadBlock,8.238084,-1714032,RoadBlock,8.107556,-1714032,RoadBlock,8.226023,-1714032,RoadBlock,8.612562,-1714032,RoadBlock,9.334228,,,0,,,0,,,0,,,0,,,0,,,0,,,0,,,0,,,0,,,0,,,0,,,0,,,0,,,0,,,0,,,0,,,0,,,0,,,0,,,0,,,0,,,0,,,0,,,0,13.48709,0.9776241,False,False,0,0,False,True,191.0116,1,1,-0.3006086
,,0,-1713998,Pavement (1),9.168921,-1713998,Pavement (1),6.180126,,,0,,,0,-1714032,RoadBlock,9.347242,-1714032,RoadBlock,8.590716,-1714032,RoadBlock,8.176679,-1714032,RoadBlock,8.032556,-1714032,RoadBlock,8.135181,-1714032,RoadBlock,8.501072,-1714032,RoadBlock,9.193268,,,0,,,0,,,0,,,0,,,0,,,0,,,0,,,0,,,0,,,0,,,0,,,0,,,0,,,0,,,0,,,0,,,0,,,0,,,0,,,0,,,0,,,0,,,0,,,0,13.47934,0.9184815,False,False,0,0,False,True,190.9959,1,1,-0.3684738
,,0,-1713998,Pavement (1),9.461961,-1713998,Pavement (1),6.224342,,,0,,,0,-1714032,RoadBlock,9.357611,-1714032,RoadBlock,8.560388,-1714032,RoadBlock,8.114959,-1714032,RoadBlock,7.941983,-1714032,RoadBlock,8.013478,-1714032,RoadBlock,8.340937,-1714032,RoadBlock,8.980069,,,0,,,0,,,0,,,0,,,0,,,0,,,0,,,0,,,0,,,0,,,0,,,0,,,0,,,0,,,0,,,0,,,0,,,0,,,0,,,0,,,0,,,0,,,0,,,0,13.48821,0.7962484,False,False,0,0,False,True,191.1512,1,1,-0.1920208
,,0,-1713998,Pavement (1),9.700391,-1713998,Pavement (1),6.271467,,,0,,,0,-1714032,RoadBlock,9.374695,-1714032,RoadBlock,8.549516,-1714032,RoadBlock,8.083022,-1714032,RoadBlock,7.8912,-1714032,RoadBlock,7.942879,-1714032,RoadBlock,8.246359,-1714032,RoadBlock,8.852891,-1714032,RoadBlock,9.879676,,,0,,,0,,,0,,,0,,,0,,,0,,,0,,,0,,,0,,,0,,,0,,,0,,,0,,,0,,,0,,,0,,,0,,,0,,,0,,,0,,,0,,,0,,,0,13.49168,0.7163502,False,False,0,0,False,True,191.2431,1,1,-0.07204105
,,0,-1713998,Pavement (1),9.95118,-1713998,Pavement (1),6.296291,,,0,,,0,-1714032,RoadBlock,9.378778,-1714032,RoadBlock,8.522345,-1714032,RoadBlock,8.032361,-1714032,RoadBlock,7.819393,-1714032,RoadBlock,7.848614,-1714032,RoadBlock,8.124754,-1714032,RoadBlock,8.694031,-1714032,RoadBlock,9.664769,,,0,,,0,,,0,,,0,,,0,,,0,,,0,,,0,,,0,,,0,,,0,,,0,,,0,,,0,,,0,,,0,,,0,,,0,,,0,,,0,,,0,,,0,,,0,13.49363,0.624435,False,False,0,0,False,True,191.4082,1,1,0
,,0,,,0,-1713998,Pavement (1),6.284293,,,0,,,0,-1714032,RoadBlock,9.368345,-1714032,RoadBlock,8.497392,-1714032,RoadBlock,7.996415,-1714032,RoadBlock,7.773347,-1714032,RoadBlock,7.791569,-1714032,RoadBlock,8.054068,-1714032,RoadBlock,8.604623,-1714032,RoadBlock,9.547174,,,0,,,0,,,0,,,0,,,0,,,0,,,0,,,0,,,0,,,0,,,0,,,0,,,0,,,0,,,0,,,0,,,0,,,0,,,0,,,0,,,0,,,0,,,0,13.49458,0.5787779,False,False,0,0,False,True,191.4467,1,1,0
,,0,,,0,-1713998,Pavement (1),6.273613,,,0,,,0,-1714032,RoadBlock,9.357826,-1714032,RoadBlock,8.465793,-1714032,RoadBlock,7.949075,-1714032,RoadBlock,7.711742,-1714032,RoadBlock,7.714638,-1714032,RoadBlock,7.958304,-1714032,RoadBlock,8.483184,-1714032,RoadBlock,9.387311,,,0,,,0,,,0,,,0,,,0,,,0,,,0,,,0,,,0,,,0,,,0,,,0,,,0,,,0,,,0,,,0,,,0,,,0,,,0,,,0,,,0,,,0,,,0,13.49331,0.5140919,False,False,0,0,False,True,191.7248,1,1,-0.1293413
,,0,,,0,-1713998,Pavement (1),6.3205,,,0,,,0,-1714032,RoadBlock,9.378037,-1714032,RoadBlock,8.464547,-1714032,RoadBlock,7.932431,-1714032,RoadBlock,7.681964,-1714032,RoadBlock,7.671654,-1714032,RoadBlock,7.899933,-1714032,RoadBlock,8.40453,-1714032,RoadBlock,9.278866,,,0,,,0,,,0,,,0,,,0,,,0,,,0,,,0,,,0,,,0,,,0,,,0,,,0,,,0,,,0,,,0,,,0,,,0,,,0,,,0,,,0,,,0,,,0,13.48829,0.4575352,False,False,0,0,False,True,191.6678,1,1,-0.2991776
,,0,,,0,-1713998,Pavement (1),6.560676,,,0,,,0,-1714032,RoadBlock,9.489226,-1714032,RoadBlock,8.519875,-1714032,RoadBlock,7.948988,-1714032,RoadBlock,7.667279,-1714032,RoadBlock,7.627541,-1714032,RoadBlock,7.823523,-1714032,RoadBlock,8.28734,-1714032,RoadBlock,9.10325,,,0,,,0,,,0,,,0,,,0,,,0,,,0,,,0,,,0,,,0,,,0,,,0,,,0,,,0,,,0,,,0,,,0,,,0,,,0,,,0,,,0,,,0,,,0,13.47584,0.3307724,False,False,0,0,False,True,191.8238,1,1,-0.4661126
,,0,,,0,-1713998,Pavement (1),6.895433,,,0,,,0,-1714032,RoadBlock,9.64038,-1714032,RoadBlock,8.61088,-1714032,RoadBlock,7.999341,-1714032,RoadBlock,7.686153,-1714032,RoadBlock,7.618196,-1714032,RoadBlock,7.784698,-1714032,RoadBlock,8.212768,-1714032,RoadBlock,8.978848,,,0,,,0,,,0,,,0,,,0,,,0,,,0,,,0,,,0,,,0,,,0,,,0,,,0,,,0,,,0,,,0,,,0,,,0,,,0,,,0,,,0,,,0,,,0,13.46469,0.2097428,False,False,0,0,False,True,191.8647,1,1,-0.4968873
,,0,,,0,-1713998,Pavement (1),7.692524,,,0,,,0,-1714032,RoadBlock,9.976048,-1714032,RoadBlock,8.824882,-1714032,RoadBlock,8.133301,-1714032,RoadBlock,7.760188,-1714032,RoadBlock,7.640713,-1714032,RoadBlock,7.75576,-1714032,RoadBlock,8.12389,-1714032,RoadBlock,8.809077,-1714032,RoadBlock,9.950942,,,0,,,0,,,0,,,0,,,0,,,0,,,0,,,0,,,0,,,0,,,0,,,0,,,0,,,0,,,0,,,0,,,0,,,0,,,0,,,0,,,0,,,0,13.47838,0.008623797,False,False,0,0,False,True,191.9801,1,1,-0.3241475
,,0,,,0,-1713998,Pavement (1),8.377494,,,0,,,0,,,0,-1714032,RoadBlock,8.997704,-1714032,RoadBlock,8.247576,-1714032,RoadBlock,7.831919,-1714032,RoadBlock,7.677216,-1714032,RoadBlock,7.758512,-1714032,RoadBlock,8.088887,-1714032,RoadBlock,8.724853,-1714032,RoadBlock,9.792348,,,0,,,0,,,0,,,0,,,0,,,0,,,0,,,0,,,0,,,0,,,0,,,0,,,0,,,0,,,0,,,0,,,0,,,0,,,0,,,0,,,0,,,0,13.48502,0.1520209,False,False,0,0,False,True,192.0641,1,1,-0.2125117
,,0,,,0,-1713998,Pavement (1),9.513541,,,0,,,0,,,0,-1714032,RoadBlock,9.263055,-1714032,RoadBlock,8.429739,-1714032,RoadBlock,7.955201,-1714032,RoadBlock,7.753339,-1714032,RoadBlock,7.79122,-1714032,RoadBlock,8.074951,-1714032,RoadBlock,8.652204,-1714032,RoadBlock,9.633486,,,0,,,0,,,0,,,0,,,0,,,0,,,0,,,0,,,0,,,0,,,0,,,0,,,0,,,0,,,0,,,0,,,0,,,0,,,0,,,0,,,0,,,0,13.49003,0.3379577,False,False,0,0,False,True,192.198,1,1,-0.04760286
,,0,,,0,,,0,,,0,,,0,,,0,-1714032,RoadBlock,9.424377,-1714032,RoadBlock,8.544479,-1714032,RoadBlock,8.037765,-1714032,RoadBlock,7.810927,-1714032,RoadBlock,7.826734,-1714032,RoadBlock,8.08777,-1714032,RoadBlock,8.637534,-1714032,RoadBlock,9.579606,,,0,,,0,,,0,,,0,,,0,,,0,,,0,,,0,,,0,,,0,,,0,,,0,,,0,,,0,,,0,,,0,,,0,,,0,,,0,,,0,,,0,,,0,13.49331,0.4318155,False,False,0,0,False,True,194.774,1,1,0
,,0,,,0,,,0,,,0,,,0,,,0,-1714032,RoadBlock,9.642122,-1714032,RoadBlock,8.704824,-1714032,RoadBlock,8.159148,-1714032,RoadBlock,7.902962,-1714032,RoadBlock,7.893848,-1714032,RoadBlock,8.130435,-1714032,RoadBlock,8.651825,-1714032,RoadBlock,9.554629,,,0,,,0,,,0,,,0,,,0,,,0,,,0,,,0,,,0,,,0,,,0,,,0,,,0,,,0,,,0,,,0,,,0,,,0,,,0,,,0,,,0,,,0,13.49458,0.5363051,False,False,0,0,False,True,192.3927,1,1,0
,,0,,,0,,,0,,,0,,,0,,,0,-1714032,RoadBlock,9.774874,-1714032,RoadBlock,8.805766,-1714032,RoadBlock,8.238853,-1714032,RoadBlock,7.967124,-1714032,RoadBlock,7.9454,-1714032,RoadBlock,8.170296,-1714032,RoadBlock,8.678833,-1714032,RoadBlock,9.564488,,,0,,,0,,,0,,,0,,,0,,,0,,,0,,,0,,,0,,,0,,,0,,,0,,,0,,,0,,,0,,,0,,,0,,,0,,,0,,,0,,,0,,,0,13.49511,0.5881804,False,False,0,0,False,True,192.326,1,1,0
,,0,,,0,,,0,,,0,,,0,,,0,-1714032,RoadBlock,9.960338,-1714032,RoadBlock,8.950757,-1714032,RoadBlock,8.357224,-1714032,RoadBlock,8.066553,-1714032,RoadBlock,8.030176,-1714032,RoadBlock,8.24237,-1714032,RoadBlock,8.73793,-1714032,RoadBlock,9.607156,,,0,,,0,,,0,,,0,,,0,,,0,,,0,,,0,,,0,,,0,,,0,,,0,,,0,,,0,,,0,,,0,,,0,,,0,,,0,,,0,,,0,,,0,13.49534,0.6470088,False,False,0,0,False,True,192.44,1,1,0
,,0,,,0,,,0,,,0,,,0,,,0,,,0,-1714032,RoadBlock,9.044256,-1714032,RoadBlock,8.435649,-1714032,RoadBlock,8.13458,-1714032,RoadBlock,8.09058,-1714032,RoadBlock,8.296723,-1714032,RoadBlock,8.78676,-1714032,RoadBlock,9.649565,,,0,,,0,,,0,,,0,,,0,,,0,,,0,,,0,,,0,,,0,,,0,,,0,,,0,,,0,,,0,,,0,,,0,,,0,,,0,,,0,,,0,,,0,13.49537,0.6766983,False,False,0,0,False,True,195.0833,1,1,0
,,0,,,0,,,0,,,0,,,0,,,0,,,0,-1714032,RoadBlock,9.181098,-1714032,RoadBlock,8.552908,-1714032,RoadBlock,8.238701,-1714032,RoadBlock,8.185651,-1714032,RoadBlock,8.385377,-1714032,RoadBlock,8.870502,-1714032,RoadBlock,9.728609,,,0,,,0,,,0,,,0,,,0,,,0,,,0,,,0,,,0,,,0,,,0,,,0,,,0,,,0,,,0,,,0,,,0,,,0,,,0,,,0,,,0,,,0,13.49536,0.7107631,False,False,0,0,False,True,192.617,1,1,0
,,0,,,0,,,0,,,0,,,0,,,0,,,0,-1714032,RoadBlock,9.270657,-1714032,RoadBlock,8.63096,-1714032,RoadBlock,8.309278,-1714032,RoadBlock,8.251411,-1714032,RoadBlock,8.448212,-1714032,RoadBlock,8.931809,-1714032,RoadBlock,9.789247,,,0,,,0,,,0,,,0,,,0,,,0,,,0,,,0,,,0,,,0,,,0,,,0,,,0,,,0,,,0,,,0,,,0,,,0,,,0,,,0,,,0,,,0,13.49535,0.7281118,False,False,0,0,False,True,195.2948,1,1,0
,,0,,,0,,,0,,,0,,,0,,,0,,,0,-1714032,RoadBlock,9.403176,-1714032,RoadBlock,8.748037,-1714032,RoadBlock,8.416583,-1714032,RoadBlock,8.352875,-1714032,RoadBlock,8.546822,-1714032,RoadBlock,9.030052,-1714032,RoadBlock,9.889301,,,0,,,0,,,0,,,0,,,0,,,0,,,0,,,0,,,0,,,0,,,0,,,0,,,0,,,0,,,0,,,0,,,0,,,0,,,0,,,0,,,0,,,0,13.49535,0.748127,False,False,0,0,False,True,192.7194,1,1,0
,,0,,,0,,,0,,,0,,,0,,,0,,,0,-1714032,RoadBlock,9.490644,-1714032,RoadBlock,8.826155,-1714032,RoadBlock,8.488947,-1714032,RoadBlock,8.422062,-1714032,RoadBlock,8.61491,-1714032,RoadBlock,9.098897,-1714032,RoadBlock,9.960795,,,0,,,0,,,0,,,0,,,0,,,0,,,0,,,0,,,0,,,0,,,0,,,0,,,0,,,0,,,0,,,0,,,0,,,0,,,0,,,0,,,0,,,0,13.49535,0.7583572,False,False,0,0,False,True,192.8404,1,1,0
,,0,,,0,,,0,,,0,,,0,,,0,,,0,-1714032,RoadBlock,9.620916,-1714032,RoadBlock,8.943456,-1714032,RoadBlock,8.598489,-1714032,RoadBlock,8.527659,-1714032,RoadBlock,8.719752,-1714032,RoadBlock,9.206042,,,0,,,0,,,0,,,0,,,0,,,0,,,0,,,0,,,0,,,0,,,0,,,0,,,0,,,0,,,0,,,0,,,0,,,0,,,0,,,0,,,0,,,0,,,0,13.49535,0.7701994,False,False,0,0,False,True,193.072,1,1,0
,,0,,,0,,,0,,,0,,,0,,,0,,,0,-1714032,RoadBlock,9.707287,-1714032,RoadBlock,9.021745,-1714032,RoadBlock,8.672046,-1714032,RoadBlock,8.599019,-1714032,RoadBlock,8.791085,-1714032,RoadBlock,9.279502,,,0,,,0,,,0,,,0,,,0,,,0,,,0,,,0,,,0,,,0,,,0,,,0,,,0,,,0,,,0,,,0,,,0,,,0,,,0,,,0,,,0,,,0,,,0,13.49536,0.7762715,False,False,0,0,False,True,195.9283,1,1,0
,,0,,,0,,,0,,,0,,,0,,,0,,,0,-1714032,RoadBlock,9.836344,-1714032,RoadBlock,9.139334,-1714032,RoadBlock,8.783072,-1714032,RoadBlock,8.707239,-1714032,RoadBlock,8.899816,-1714032,RoadBlock,9.392105,,,0,,,0,,,0,,,0,,,0,,,0,,,0,,,0,,,0,,,0,,,0,,,0,,,0,,,0,,,0,,,0,,,0,,,0,,,0,,,0,,,0,,,0,,,0,13.49536,0.7833065,False,False,0,0,False,True,193.5409,1,1,0
,,0,,,0,,,0,,,0,,,0,,,0,,,0,-1714032,RoadBlock,9.922177,-1714032,RoadBlock,9.217839,-1714032,RoadBlock,8.857475,-1714032,RoadBlock,8.780029,-1714032,RoadBlock,8.973224,-1714032,RoadBlock,9.468474,,,0,,,0,,,0,,,0,,,0,,,0,,,0,,,0,,,0,,,0,,,0,,,0,,,0,,,0,,,0,,,0,,,0,,,0,,,0,,,0,,,0,,,0,,,0,13.49537,0.7869238,False,False,0,0,False,True,193.6348,1,1,0
,,0,,,0,,,0,,,0,,,0,,,0,,,0,,,0,-1714032,RoadBlock,9.335714,-1714032,RoadBlock,8.969513,-1714032,RoadBlock,8.889946,-1714032,RoadBlock,9.084408,-1714032,RoadBlock,9.584498,,,0,,,0,,,0,,,0,,,0,,,0,,,0,,,0,,,0,,,0,,,0,,,0,,,0,,,0,,,0,,,0,,,0,,,0,,,0,,,0,,,0,,,0,,,0,13.49537,0.7911203,False,False,0,0,False,True,193.8853,1,1,0
,,0,,,0,,,0,,,0,,,0,,,0,,,0,,,0,-1714032,RoadBlock,9.409965,-1714032,RoadBlock,9.041758,-1714032,RoadBlock,8.962428,-1714032,RoadBlock,9.159396,-1714032,RoadBlock,9.664688,,,0,,,0,,,0,,,0,,,0,,,0,,,0,,,0,,,0,,,0,,,0,,,0,,,0,,,0,,,0,,,0,,,0,,,0,,,0,,,0,,,0,,,0,,,0,13.49409,0.787906,False,False,0,0,False,True,194.0303,1,1,0.1194372
,,0,,,0,,,0,,,0,,,0,,,0,,,0,,,0,-1714032,RoadBlock,9.495831,-1714032,RoadBlock,9.134452,-1714032,RoadBlock,9.063972,-1714032,RoadBlock,9.273233,-1714032,RoadBlock,9.796309,,,0,,,0,,,0,,,0,,,0,,,0,,,0,,,0,,,0,,,0,,,0,,,0,,,0,,,0,,,0,,,0,,,0,,,0,,,0,,,0,,,0,,,0,,,0,13.49014,0.752945,False,False,0,0,False,True,194.261,1,1,0.1862619
,,0,,,0,,,0,,,0,,,0,,,0,,,0,,,0,-1714032,RoadBlock,9.541702,-1714032,RoadBlock,9.188664,-1714032,RoadBlock,9.127357,-1714032,RoadBlock,9.348082,-1714032,RoadBlock,9.886846,,,0,,,0,,,0,,,0,,,0,,,0,,,0,,,0,,,0,,,0,,,0,,,0,,,0,,,0,,,0,,,0,,,0,,,0,,,0,,,0,,,0,,,0,,,0,13.4944,0.7184471,False,False,0,0,False,True,197.1567,1,1,0.0150077
,,0,,,0,,,0,,,0,,,0,,,0,,,0,,,0,-1714032,RoadBlock,9.613317,-1714032,RoadBlock,9.270148,-1714032,RoadBlock,9.220222,-1714032,RoadBlock,9.455666,,,0,,,0,,,0,,,0,,,0,,,0,,,0,,,0,,,0,,,0,,,0,,,0,,,0,,,0,,,0,,,0,,,0,,,0,,,0,,,0,,,0,,,0,,,0,,,0,13.49472,0.675962,False,False,0,0,False,True,194.5056,1,1,0
,,0,,,0,,,0,,,0,,,0,,,0,,,0,,,0,-1714032,RoadBlock,9.663758,-1714032,RoadBlock,9.325127,-1714032,RoadBlock,9.280964,-1714032,RoadBlock,9.524314,,,0,,,0,,,0,,,0,,,0,,,0,,,0,,,0,,,0,,,0,,,0,,,0,,,0,,,0,,,0,,,0,,,0,,,0,,,0,,,0,,,0,,,0,,,0,,,0,13.49506,0.6545206,False,False,0,0,False,True,194.6182,1,1,0
,,0,,,0,,,0,,,0,,,0,,,0,,,0,,,0,-1714032,RoadBlock,9.741897,-1714032,RoadBlock,9.407832,-1714032,RoadBlock,9.370282,-1714032,RoadBlock,9.623357,,,0,,,0,,,0,,,0,,,0,,,0,,,0,,,0,,,0,,,0,,,0,,,0,,,0,,,0,,,0,,,0,,,0,,,0,,,0,,,0,,,0,,,0,,,0,,,0,13.49528,0.6299497,False,False,0,0,False,True,194.7854,1,1,0
,,0,,,0,,,0,,,0,,,0,,,0,,,0,,,0,-1714032,RoadBlock,9.795066,-1714032,RoadBlock,9.462908,-1714032,RoadBlock,9.428728,-1714032,RoadBlock,9.687165,,,0,,,0,,,0,,,0,,,0,,,0,,,0,,,0,,,0,,,0,,,0,,,0,,,0,,,0,,,0,,,0,,,0,,,0,,,0,,,0,,,0,,,0,,,0,,,0,13.49535,0.6174573,False,False,0,0,False,True,197.6774,1,1,0
,,0,,,0,,,0,,,0,,,0,,,0,,,0,,,0,-1714032,RoadBlock,9.875922,-1714032,RoadBlock,9.545356,-1714032,RoadBlock,9.515053,-1714032,RoadBlock,9.780275,,,0,,,0,,,0,,,0,,,0,,,0,,,0,,,0,,,0,,,0,,,0,,,0,,,0,,,0,,,0,,,0,,,0,,,0,,,0,,,0,,,0,,,0,,,0,,,0,13.49537,0.6030524,False,False,0,0,False,True,194.9922,1,1,0
,,0,,,0,,,0,,,0,,,0,,,0,,,0,,,0,-1714032,RoadBlock,9.930308,-1714032,RoadBlock,9.600145,-1714032,RoadBlock,9.571823,-1714032,RoadBlock,9.840909,,,0,,,0,,,0,,,0,,,0,,,0,,,0,,,0,,,0,,,0,,,0,,,0,,,0,,,0,,,0,,,0,,,0,,,0,,,0,,,0,,,0,,,0,,,0,,,0,13.49515,0.5956813,False,False,0,0,False,True,197.8747,1,1,0.04936206
,,0,,,0,,,0,,,0,,,0,,,0,,,0,,,0,-1714032,RoadBlock,10.00195,-1714032,RoadBlock,9.675992,-1714032,RoadBlock,9.653802,-1714032,RoadBlock,9.931922,,,0,,,0,,,0,,,0,,,0,,,0,,,0,,,0,,,0,,,0,,,0,,,0,,,0,,,0,,,0,,,0,,,0,,,0,,,0,,,0,,,0,,,0,,,0,,,0,13.49254,0.5740542,False,False,0,0,False,True,195.1472,1,1,0.1703757
,,0,,,0,,,0,,,0,,,0,,,0,,,0,,,0,,,0,-1714032,RoadBlock,9.715432,-1714032,RoadBlock,9.703573,-1714032,RoadBlock,9.994182,,,0,,,0,,,0,,,0,,,0,,,0,,,0,,,0,,,0,,,0,,,0,,,0,,,0,,,0,,,0,,,0,,,0,,,0,,,0,,,0,,,0,,,0,,,0,,,0,13.488,0.5387694,False,False,0,0,False,True,195.0658,1,1,0.2359402
,,0,,,0,,,0,,,0,,,0,,,0,,,0,,,0,,,0,-1714032,RoadBlock,9.762642,-1714032,RoadBlock,9.771124,,,0,,,0,,,0,,,0,,,0,,,0,,,0,,,0,,,0,,,0,,,0,,,0,,,0,,,0,,,0,,,0,,,0,,,0,,,0,,,0,,,0,,,0,,,0,,,0,,,0,13.49398,0.4701369,False,False,0,0,False,True,195.19,1,1,0.06885965
,,0,,,0,,,0,,,0,,,0,,,0,,,0,,,0,,,0,-1714032,RoadBlock,9.793299,-1714032,RoadBlock,9.813225,,,0,,,0,,,0,,,0,,,0,,,0,,,0,,,0,,,0,,,0,,,0,,,0,,,0,,,0,,,0,,,0,,,0,,,0,,,0,,,0,,,0,,,0,,,0,,,0,,,0,13.49425,0.4318974,False,False,0,0,False,True,195.2401,1,1,0
,,0,,,0,,,0,,,0,,,0,,,0,,,0,,,0,,,0,-1714032,RoadBlock,9.839514,-1714032,RoadBlock,9.872607,,,0,,,0,,,0,,,0,,,0,,,0,,,0,,,0,,,0,,,0,,,0,,,0,,,0,,,0,,,0,,,0,,,0,,,0,,,0,,,0,,,0,,,0,,,0,,,0,,,0,13.49509,0.3883782,False,False,0,0,False,True,195.3744,1,1,0
,,0,,,0,,,0,,,0,,,0,,,0,,,0,,,0,,,0,-1714032,RoadBlock,9.869958,-1714032,RoadBlock,9.90979,,,0,,,0,,,0,,,0,,,0,,,0,,,0,,,0,,,0,,,0,,,0,,,0,,,0,,,0,,,0,,,0,,,0,,,0,,,0,,,0,,,0,,,0,,,0,,,0,,,0,13.4953,0.3663945,False,False,0,0,False,True,198.3423,1,1,0
,,0,,,0,,,0,,,0,,,0,,,0,,,0,,,0,,,0,-1714032,RoadBlock,9.914858,-1714032,RoadBlock,9.962531,,,0,,,0,,,0,,,0,,,0,,,0,,,0,,,0,,,0,,,0,,,0,,,0,,,0,,,0,,,0,,,0,,,0,,,0,,,0,,,0,,,0,,,0,,,0,,,0,,,0,13.49535,0.341157,False,False,0,0,False,True,195.5874,1,1,0
,,0,,,0,,,0,,,0,,,0,,,0,,,0,,,0,,,0,-1714032,RoadBlock,9.944237,-1714032,RoadBlock,9.995974,,,0,,,0,,,0,,,0,,,0,,,0,,,0,,,0,,,0,,,0,,,0,,,0,,,0,,,0,,,0,,,0,,,0,,,0,,,0,,,0,,,0,,,0,,,0,,,0,,,0,13.49537,0.3283012,False,False,0,0,False,True,195.5235,1,1,0
,,0,,,0,,,0,,,0,,,0,,,0,,,0,,,0,,,0,-1714032,RoadBlock,9.987543,,,0,,,0,,,0,,,0,,,0,,,0,,,0,,,0,,,0,,,0,,,0,,,0,,,0,,,0,,,0,,,0,,,0,,,0,,,0,,,0,,,0,,,0,,,0,,,0,,,0,,,0,13.49538,0.3134442,False,False,0,0,False,True,195.6704,1,1,0
,,0,,,0,,,0,,,0,,,0,,,0,,,0,,,0,,,0,,,0,,,0,,,0,,,0,,,0,,,0,,,0,,,0,,,0,,,0,,,0,,,0,,,0,,,0,,,0,,,0,,,0,,,0,,,0,,,0,,,0,,,0,,,0,,,0,,,0,,,0,,,0,13.49538,0.3058327,False,False,0,0,False,True,198.6763,1,1,0
,,0,,,0,,,0,,,0,,,0,,,0,,,0,,,0,,,0,,,0,,,0,,,0,,,0,,,0,,,0,,,0,,,0,,,0,,,0,,,0,,,0,,,0,,,0,,,0,,,0,,,0,,,0,-1714022,RoadBlock,9.998861,,,0,,,0,,,0,,,0,,,0,,,0,,,0,,,0,13.49538,0.2970067,False,False,0,0,False,True,195.8929,1,1,0
,,0,,,0,,,0,,,0,,,0,,,0,,,0,,,0,,,0,,,0,,,0,,,0,,,0,,,0,,,0,,,0,,,0,,,0,,,0,,,0,,,0,,,0,,,0,,,0,,,0,,,0,,,0,-1714022,RoadBlock,9.971535,,,0,,,0,,,0,,,0,,,0,,,0,,,0,,,0,13.49249,0.2871398,False,False,0,0,False,True,198.9104,1,1,0.1691241
,,0,,,0,,,0,,,0,,,0,,,0,,,0,,,0,,,0,,,0,,,0,,,0,,,0,,,0,,,0,,,0,,,0,,,0,,,0,,,0,,,0,,,0,,,0,,,0,,,0,,,0,,,0,-1714022,RoadBlock,9.93836,,,0,,,0,,,0,,,0,,,0,,,0,,,0,,,0,13.49215,0.2461491,False,False,0,0,False,True,195.958,1,1,0.1379928
,,0,,,0,,,0,,,0,,,0,,,0,,,0,,,0,,,0,,,0,,,0,,,0,,,0,,,0,,,0,,,0,,,0,,,0,,,0,,,0,,,0,,,0,,,0,,,0,,,0,,,0,,,0,-1714022,RoadBlock,9.920638,-1714022,RoadBlock,10.00791,,,0,,,0,,,0,,,0,,,0,,,0,,,0,13.49479,0.2138997,False,False,0,0,False,True,196.0351,1,1,0.01899762
,,0,,,0,,,0,,,0,,,0,,,0,,,0,,,0,,,0,,,0,,,0,,,0,,,0,,,0,,,0,,,0,,,0,,,0,,,0,,,0,,,0,,,0,,,0,,,0,,,0,,,0,,,0,-1714022,RoadBlock,9.896994,-1714022,RoadBlock,9.995484,,,0,,,0,,,0,,,0,,,0,,,0,,,0,13.49512,0.1764593,False,False,0,0,False,True,196.1905,1,1,0
,,0,,,0,,,0,,,0,,,0,,,0,,,0,,,0,,,0,,,0,,,0,,,0,,,0,,,0,,,0,,,0,,,0,,,0,,,0,,,0,,,0,,,0,,,0,,,0,,,0,,,0,,,0,-1714022,RoadBlock,9.88282,-1714022,RoadBlock,9.986964,,,0,,,0,,,0,,,0,,,0,,,0,,,0,13.4953,0.1574714,False,False,0,0,False,True,199.2645,1,1,0
,,0,,,0,,,0,,,0,,,0,,,0,,,0,,,0,,,0,,,0,,,0,,,0,,,0,,,0,,,0,,,0,,,0,,,0,,,0,,,0,,,0,,,0,,,0,,,0,,,0,,,0,,,0,-1714022,RoadBlock,9.86348,-1714022,RoadBlock,9.974069,,,0,,,0,,,0,,,0,,,0,,,0,,,0,13.49535,0.1356243,False,False,0,0,False,True,196.4384,1,1,0
,,0,,,0,,,0,,,0,,,0,,,0,,,0,,,0,,,0,,,0,,,0,,,0,,,0,,,0,,,0,,,0,,,0,,,0,,,0,,,0,,,0,,,0,,,0,,,0,,,0,,,0,,,0,-1714022,RoadBlock,9.8517,-1714022,RoadBlock,9.965547,,,0,,,0,,,0,,,0,,,0,,,0,,,0,13.49537,0.1245061,False,False,0,0,False,True,196.4097,1,1,0
,,0,,,0,,,0,,,0,,,0,,,0,,,0,,,0,,,0,,,0,,,0,,,0,,,0,,,0,,,0,,,0,,,0,,,0,,,0,,,0,,,0,,,0,,,0,,,0,,,0,,,0,,,0,-1714022,RoadBlock,9.83865,-1714022,RoadBlock,9.960215,,,0,,,0,,,0,,,0,,,0,,,0,,,0,13.49264,0.09865525,False,False,0,0,False,True,196.6326,1,1,0.1648006
,,0,,,0,,,0,,,0,,,0,,,0,,,0,,,0,,,0,,,0,,,0,,,0,,,0,,,0,,,0,,,0,,,0,,,0,,,0,,,0,,,0,,,0,,,0,,,0,,,0,,,0,-1714022,RoadBlock,10.00722,-1714022,RoadBlock,9.837649,-1714022,RoadBlock,9.970732,,,0,,,0,,,0,,,0,,,0,,,0,,,0,13.4873,0.06087748,False,False,0,0,False,True,196.7923,1,1,0.280773
,,0,,,0,,,0,,,0,,,0,,,0,,,0,,,0,,,0,,,0,,,0,,,0,,,0,,,0,,,0,,,0,,,0,,,0,,,0,,,0,,,0,,,0,,,0,,,0,,,0,,,0,-1714022,RoadBlock,9.995355,-1714022,RoadBlock,9.84973,-1714022,RoadBlock,10.00707,,,0,,,0,,,0,,,0,,,0,,,0,,,0,13.49324,0.01780494,False,False,0,0,False,True,197.0806,1,1,0.1097387
,,0,,,0,,,0,,,0,,,0,,,0,,,0,,,0,,,0,,,0,,,0,,,0,,,0,,,0,,,0,,,0,,,0,,,0,,,0,,,0,,,0,,,0,,,0,,,0,,,0,,,0,-1714022,RoadBlock,9.993983,-1714022,RoadBlock,9.862594,,,0,,,0,,,0,,,0,,,0,,,0,,,0,,,0,13.494,0.06483079,False,False,0,0,False,True,197.2814,1,1,0
,,0,,,0,,,0,,,0,,,0,,,0,,,0,,,0,,,0,,,0,,,0,,,0,,,0,,,0,,,0,,,0,,,0,,,0,,,0,,,0,,,0,,,0,,,0,,,0,,,0,,,0,-1714022,RoadBlock,10.00034,-1714022,RoadBlock,9.884979,,,0,,,0,,,0,,,0,,,0,,,0,,,0,,,0,13.4949,0.1181513,False,False,0,0,False,True,197.6543,1,1,0
,,0,,,0,,,0,,,0,,,0,,,0,,,0,,,0,,,0,,,0,,,0,,,0,,,0,,,0,,,0,,,0,,,0,,,0,,,0,,,0,,,0,,,0,,,0,,,0,,,0,,,0,-1714022,RoadBlock,10.00896,-1714022,RoadBlock,9.90162,,,0,,,0,,,0,,,0,,,0,,,0,,,0,,,0,13.49526,0.1450104,False,False,0,0,False,True,200.9698,1,1,0
,,0,,,0,,,0,,,0,,,0,,,0,,,0,,,0,,,0,,,0,,,0,,,0,,,0,,,0,,,0,,,0,,,0,,,0,,,0,,,0,,,0,,,0,,,0,,,0,,,0,,,0,,,0,-1714022,RoadBlock,9.928687,,,0,,,0,,,0,,,0,,,0,,,0,,,0,,,0,13.49533,0.1757585,False,False,0,0,False,True,198.2708,1,1,0
,,0,,,0,,,0,,,0,,,0,,,0,,,0,,,0,,,0,,,0,,,0,,,0,,,0,,,0,,,0,,,0,,,0,,,0,,,0,,,0,,,0,,,0,,,0,,,0,,,0,,,0,,,0,-1714022,RoadBlock,9.94785,,,0,,,0,,,0,,,0,,,0,,,0,,,0,,,0,13.49537,0.1913778,False,False,0,0,False,True,198.3972,1,1,0
,,0,,,0,,,0,,,0,,,0,,,0,,,0,,,0,,,0,,,0,,,0,,,0,,,0,,,0,,,0,,,0,,,0,,,0,,,0,,,0,,,0,,,0,,,0,,,0,,,0,,,0,,,0,-1714022,RoadBlock,9.977938,,,0,,,0,,,0,,,0,,,0,,,0,,,0,,,0,13.49538,0.2094068,False,False,0,0,False,True,198.73,1,1,0
,,0,,,0,,,0,,,0,,,0,,,0,,,0,,,0,,,0,,,0,,,0,,,0,,,0,,,0,,,0,,,0,,,0,,,0,,,0,,,0,,,0,,,0,,,0,,,0,,,0,,,0,,,0,-1714022,RoadBlock,9.998758,,,0,,,0,,,0,,,0,,,0,,,0,,,0,,,0,13.49538,0.2186425,False,False,0,0,False,True,198.9284,1,1,0
,,0,,,0,,,0,,,0,,,0,,,0,,,0,,,0,,,0,-1714032,RoadBlock,10.01205,,,0,,,0,,,0,,,0,,,0,,,0,,,0,,,0,,,0,,,0,,,0,,,0,,,0,,,0,,,0,,,0,,,0,,,0,,,0,,,0,,,0,,,0,,,0,,,0,,,0,,,0,13.49257,0.2424143,False,False,0,0,False,True,199.2183,1,1,0.1685881
,,0,,,0,,,0,,,0,,,0,,,0,,,0,,,0,,,0,-1714032,RoadBlock,9.983389,,,0,,,0,,,0,,,0,,,0,,,0,,,0,,,0,,,0,,,0,,,0,,,0,,,0,,,0,,,0,,,0,,,0,,,0,,,0,,,0,,,0,,,0,,,0,,,0,,,0,,,0,13.4837,0.2792673,False,False,0,0,False,True,202.5348,1,1,0.3336425
,,0,,,0,,,0,,,0,,,0,,,0,,,0,,,0,-1714032,RoadBlock,9.966169,-1714032,RoadBlock,9.927509,,,0,,,0,,,0,,,0,,,0,,,0,,,0,,,0,,,0,,,0,,,0,,,0,,,0,,,0,,,0,,,0,,,0,,,0,,,0,,,0,,,0,,,0,,,0,,,0,,,0,,,0,13.48916,0.3737329,False,False,0,0,False,True,199.6657,1,1,0.2163332
,,0,,,0,,,0,,,0,,,0,,,0,,,0,,,0,-1714032,RoadBlock,9.901989,-1714032,RoadBlock,9.88422,,,0,,,0,,,0,,,0,,,0,,,0,,,0,,,0,,,0,,,0,,,0,,,0,,,0,,,0,,,0,,,0,,,0,,,0,,,0,,,0,,,0,,,0,,,0,,,0,,,0,,,0,13.49278,0.4423722,False,False,0,0,False,True,199.6915,1,1,0.04974608
,,0,,,0,,,0,,,0,,,0,,,0,,,0,,,0,-1714032,RoadBlock,9.807766,-1714032,RoadBlock,9.814135,,,0,,,0,,,0,,,0,,,0,,,0,,,0,,,0,,,0,,,0,,,0,,,0,,,0,,,0,,,0,,,0,,,0,,,0,,,0,,,0,,,0,,,0,,,0,,,0,,,0,,,0,13.49414,0.5226789,False,False,0,0,False,True,199.9353,1,1,0
,,0,,,0,,,0,,,0,,,0,,,0,,,0,,,0,-1714032,RoadBlock,9.745758,-1714032,RoadBlock,9.763986,,,0,,,0,,,0,,,0,,,0,,,0,,,0,,,0,,,0,,,0,,,0,,,0,,,0,,,0,,,0,,,0,,,0,,,0,,,0,,,0,,,0,,,0,,,0,,,0,,,0,,,0,13.49498,0.5627488,False,False,0,0,False,True,203.2706,1,1,0
,,0,,,0,,,0,,,0,,,0,,,0,,,0,-1714032,RoadBlock,9.920684,-1714032,RoadBlock,9.652466,-1714032,RoadBlock,9.683936,,,0,,,0,,,0,,,0,,,0,,,0,,,0,,,0,,,0,,,0,,,0,,,0,,,0,,,0,,,0,,,0,,,0,,,0,,,0,,,0,,,0,,,0,,,0,,,0,,,0,,,0,13.49523,8.391706,False,False,0,0,False,True,200.2685,1,1,0
,,0,,,0,,,0,,,0,,,0,,,0,,,0,-1714032,RoadBlock,9.849129,-1714032,RoadBlock,9.589734,-1714032,RoadBlock,9.627744,-1714032,RoadBlock,9.969277,,,0,,,0,,,0,,,0,,,0,,,0,,,0,,,0,,,0,,,0,,,0,,,0,,,0,,,0,,,0,,,0,,,0,,,0,,,0,,,0,,,0,,,0,,,0,,,0,,,0,13.49535,0.6313117,False,False,0,0,False,True,203.6297,1,1,0
,,0,,,0,,,0,,,0,,,0,,,0,,,0,-1714032,RoadBlock,9.743435,-1714032,RoadBlock,9.494644,-1714032,RoadBlock,9.539948,-1714032,RoadBlock,9.88663,,,0,,,0,,,0,,,0,,,0,,,0,,,0,,,0,,,0,,,0,,,0,,,0,,,0,,,0,,,0,,,0,,,0,,,0,,,0,,,0,,,0,,,0,,,0,,,0,,,0,13.49537,0.6577513,False,False,0,0,False,True,200.4546,1,1,0
,,0,,,0,,,0,,,0,,,0,,,0,,,0,-1714032,RoadBlock,9.673595,-1714032,RoadBlock,9.430553,-1714032,RoadBlock,9.479441,-1714032,RoadBlock,9.82811,,,0,,,0,,,0,,,0,,,0,,,0,,,0,,,0,,,0,,,0,,,0,,,0,,,0,,,0,,,0,,,0,,,0,,,0,,,0,,,0,,,0,,,0,,,0,,,0,,,0,13.49538,0.6712354,False,False,0,0,False,True,200.5697,1,1,0
,,0,,,0,,,0,,,0,,,0,,,0,,,0,-1714032,RoadBlock,9.569294,-1714032,RoadBlock,9.333404,-1714032,RoadBlock,9.386238,-1714032,RoadBlock,9.736283,,,0,,,0,,,0,,,0,,,0,,,0,,,0,,,0,,,0,,,0,,,0,,,0,,,0,,,0,,,0,,,0,,,0,,,0,,,0,,,0,,,0,,,0,,,0,,,0,,,0,13.49538,0.6868424,False,False,0,0,False,True,200.7741,1,1,0
,,0,,,0,,,0,,,0,,,0,,,0,,,0,,,0,-1714032,RoadBlock,9.268059,-1714032,RoadBlock,9.322792,-1714032,RoadBlock,9.67291,,,0,,,0,,,0,,,0,,,0,,,0,,,0,,,0,,,0,,,0,,,0,,,0,,,0,,,0,,,0,,,0,,,0,,,0,,,0,,,0,,,0,,,0,,,0,,,0,,,0,13.49537,0.6948338,False,False,0,0,False,True,200.882,1,1,0
,,0,,,0,,,0,,,0,,,0,,,0,,,0,,,0,-1714032,RoadBlock,9.170279,-1714032,RoadBlock,9.226638,-1714032,RoadBlock,9.575452,,,0,,,0,,,0,,,0,,,0,,,0,,,0,,,0,,,0,,,0,,,0,,,0,,,0,,,0,,,0,,,0,,,0,,,0,,,0,,,0,,,0,,,0,,,0,,,0,,,0,13.46605,0.7024959,False,False,0,0,False,True,201.0955,1,1,0
,,0,,,0,,,0,,,0,,,0,,,0,,,0,,,0,,,0,-1714032,RoadBlock,9.162614,-1714032,RoadBlock,9.510809,,,0,,,0,,,0,,,0,,,0,,,0,,,0,,,0,,,0,,,0,,,0,,,0,,,0,,,0,,,0,,,0,,,0,,,0,,,0,,,0,,,0,,,0,,,0,,,0,,,0,13.53971,0.145509,False,False,0,0,False,True,204.5498,1,1,0
-1714058,RoadBlock,7.390072,-1714058,RoadBlock,7.06172,-1714058,RoadBlock,7.649433,,,0,,,0,,,0,,,0,,,0,,,0,-1714032,RoadBlock,9.062811,-1714032,RoadBlock,9.411671,,,0,,,0,,,0,,,0,,,0,,,0,,,0,,,0,,,0,,,0,,,0,,,0,,,0,,,0,,,0,,,0,,,0,,,0,,,0,,,0,,,0,,,0,,,0,,,0,,,0,13.50941,0.7200727,False,False,0,0,False,True,201.379,1,1,0.122519
-1714058,RoadBlock,6.819986,-1714058,RoadBlock,6.099585,-1714058,RoadBlock,5.923108,,,0,,,0,,,0,,,0,,,0,,,0,-1714032,RoadBlock,8.993159,-1714032,RoadBlock,9.347735,,,0,,,0,,,0,,,0,,,0,,,0,,,0,,,0,,,0,,,0,,,0,,,0,,,0,,,0,,,0,,,0,,,0,,,0,,,0,,,0,,,0,,,0,,,0,,,0,,,0,13.49806,0.1851924,False,False,0,0,False,True,201.3717,1,1,0.2897034
-1714058,RoadBlock,5.957556,-1714058,RoadBlock,5.933223,-1714058,RoadBlock,6.093451,,,0,,,0,,,0,,,0,,,0,,,0,-1714460,RoadBlock,9.88231,-1714032,RoadBlock,9.258221,-1714032,RoadBlock,9.984709,,,0,,,0,,,0,,,0,,,0,,,0,,,0,,,0,,,0,,,0,,,0,,,0,,,0,,,0,,,0,,,0,,,0,,,0,,,0,,,0,,,0,,,0,-1714058,RoadBlock,8.634522,,,0,13.47153,0.2767401,False,False,0,0,False,True,201.6424,1,1,0.3537789
,,0,,,0,,,0,,,0,,,0,,,0,,,0,,,0,,,0,-1714460,RoadBlock,9.923918,-1714032,RoadBlock,9.199182,-1714032,RoadBlock,9.950542,,,0,,,0,,,0,,,0,,,0,,,0,,,0,,,0,,,0,,,0,,,0,,,0,,,0,,,0,,,0,,,0,,,0,,,0,,,0,,,0,,,0,,,0,,,0,,,0,13.43295,0.3597611,False,False,0,0,False,True,201.802,1,1,0.2255163
,,0,,,0,,,0,,,0,,,0,,,0,,,0,,,0,,,0,-1714460,RoadBlock,9.977203,-1714032,RoadBlock,9.098655,-1714032,RoadBlock,9.886499,,,0,,,0,,,0,,,0,,,0,,,0,,,0,,,0,,,0,,,0,,,0,,,0,,,0,,,0,,,0,,,0,,,0,,,0,,,0,,,0,,,0,,,0,,,0,,,0,13.4968,0.4847877,False,False,0,0,False,True,202.1507,1,1,0.06142575
,,0,,,0,,,0,,,0,,,0,,,0,,,0,,,0,,,0,-1714480,RoadBlock,9.992776,-1714460,RoadBlock,9.980589,-1714032,RoadBlock,9.822558,,,0,,,0,,,0,,,0,,,0,,,0,,,0,,,0,,,0,,,0,,,0,,,0,,,0,,,0,,,0,,,0,,,0,,,0,,,0,,,0,,,0,,,0,,,0,,,0,13.49192,0.550154,False,False,0,0,False,True,205.8588,1,1,0
,,0,,,0,,,0,,,0,,,0,,,0,,,0,,,0,,,0,-1714480,RoadBlock,9.929688,,,0,-1714032,RoadBlock,9.697204,,,0,,,0,,,0,,,0,,,0,,,0,,,0,,,0,,,0,,,0,,,0,,,0,,,0,,,0,,,0,,,0,,,0,,,0,,,0,,,0,,,0,,,0,,,0,,,0,13.49282,0.5017675,False,False,0,0,False,True,202.8033,1,1,0
,,0,,,0,,,0,,,0,,,0,,,0,,,0,,,0,,,0,-1714480,RoadBlock,9.884375,,,0,-1714032,RoadBlock,9.598182,,,0,,,0,,,0,,,0,,,0,,,0,,,0,,,0,,,0,,,0,,,0,,,0,,,0,,,0,,,0,,,0,,,0,,,0,,,0,,,0,,,0,,,0,,,0,,,0,13.49349,5.722272,False,False,0,0,False,True,202.9942,1,1,0
,,0,,,0,,,0,,,0,,,0,,,0,,,0,,,0,,,0,-1714480,RoadBlock,9.812106,,,0,,,0,,,0,,,0,,,0,,,0,,,0,,,0,,,0,,,0,,,0,,,0,,,0,,,0,,,0,,,0,,,0,,,0,,,0,,,0,,,0,,,0,,,0,,,0,,,0,,,0,13.49492,5.765416,False,False,0,0,False,True,203.3987,1,1,0.0994057
,,0,,,0,,,0,,,0,,,0,,,0,,,0,,,0,,,0,,,0,,,0,,,0,,,0,,,0,,,0,,,0,,,0,,,0,,,0,,,0,,,0,,,0,,,0,,,0,,,0,,,0,,,0,,,0,,,0,,,0,,,0,,,0,,,0,,,0,,,0,,,0,13.49341,5.798292,False,False,0,0,False,True,203.6457,1,1,0.214679
,,0,,,0,,,0,,,0,,,0,,,0,,,0,,,0,,,0,,,0,,,0,,,0,,,0,,,0,,,0,,,0,,,0,,,0,,,0,,,0,,,0,,,0,,,0,,,0,,,0,,,0,,,0,,,0,,,0,,,0,,,0,,,0,,,0,,,0,,,0,,,0,13.48584,5.878483,False,False,0,0,False,True,204.0138,1,1,0.2832772
,,0,,,0,,,0,,,0,,,0,,,0,,,0,,,0,,,0,,,0,-1714480,RoadBlock,9.982316,,,0,,,0,,,0,,,0,,,0,,,0,,,0,,,0,,,0,,,0,,,0,,,0,,,0,,,0,,,0,,,0,,,0,,,0,,,0,,,0,,,0,,,0,,,0,,,0,,,0,13.49301,0.2396454,False,False,0,0,False,True,207.8097,1,1,0.1163072
,,0,,,0,,,0,,,0,,,0,,,0,,,0,,,0,,,0,,,0,,,0,,,0,,,0,,,0,,,0,,,0,,,0,,,0,,,0,,,0,,,0,,,0,,,0,,,0,,,0,,,0,,,0,,,0,,,0,,,0,,,0,,,0,,,0,,,0,,,0,,,0,13.4936,0.1449298,False,False,0,0,False,True,204.5696,1,1,0
,,0,,,0,,,0,,,0,,,0,,,0,,,0,,,0,,,0,,,0,,,0,,,0,,,0,,,0,,,0,,,0,,,0,,,0,,,0,,,0,,,0,,,0,,,0,,,0,,,0,,,0,,,0,,,0,,,0,,,0,,,0,,,0,,,0,,,0,,,0,,,0,13.49448,0.0970966,False,False,0,0,False,True,204.6465,1,1,0
,,0,,,0,,,0,,,0,,,0,,,0,,,0,,,0,,,0,,,0,,,0,,,0,,,0,,,0,,,0,,,0,,,0,,,0,,,0,,,0,,,0,,,0,,,0,,,0,,,0,,,0,,,0,,,0,,,0,,,0,,,0,,,0,,,0,,,0,,,0,,,0,13.4933,0.02987115,False,False,0,0,False,True,204.9344,1,1,0.1703921
,,0,,,0,,,0,,,0,,,0,,,0,,,0,,,0,,,0,,,0,,,0,,,0,,,0,,,0,,,0,,,0,,,0,,,0,,,0,,,0,,,0,,,0,,,0,,,0,,,0,,,0,,,0,,,0,,,0,,,0,,,0,,,0,,,0,,,0,,,0,,,0,13.48834,0.02776608,False,False,0,0,False,True,205.107,1,1,0.2873021
,,0,,,0,,,0,,,0,,,0,,,0,,,0,,,0,,,0,,,0,,,0,,,0,,,0,,,0,,,0,,,0,,,0,,,0,,,0,,,0,,,0,,,0,,,0,,,0,,,0,,,0,,,0,,,0,,,0,,,0,,,0,,,0,,,0,,,0,,,0,,,0,13.49318,0.130417,False,False,0,0,False,True,205.3732,1,1,0.1208102
,,0,,,0,,,0,,,0,,,0,,,0,,,0,,,0,,,0,,,0,,,0,,,0,,,0,,,0,,,0,,,0,,,0,,,0,,,0,,,0,,,0,,,0,,,0,,,0,,,0,,,0,,,0,,,0,,,0,,,0,,,0,,,0,,,0,,,0,,,0,,,0,13.49411,0.1911319,False,False,0,0,False,True,209.1937,1,1,0
,,0,,,0,,,0,,,0,,,0,,,0,,,0,,,0,,,0,,,0,,,0,,,0,,,0,,,0,,,0,,,0,,,0,,,0,,,0,,,0,,,0,,,0,,,0,,,0,,,0,,,0,,,0,,,0,,,0,,,0,,,0,,,0,,,0,,,0,,,0,,,0,13.49487,0.2598422,False,False,0,0,False,True,205.768,1,1,0
,,0,,,0,,,0,,,0,,,0,,,0,,,0,,,0,,,0,,,0,,,0,,,0,,,0,,,0,,,0,,,0,,,0,,,0,,,0,,,0,,,0,,,0,,,0,,,0,,,0,,,0,,,0,,,0,,,0,,,0,,,0,,,0,,,0,,,0,,,0,,,0,13.49518,0.2943374,False,False,0,0,False,True,205.7656,1,1,0
,,0,,,0,,,0,,,0,,,0,,,0,,,0,,,0,,,0,,,0,,,0,,,0,,,0,,,0,,,0,,,0,,,0,,,0,,,0,,,0,,,0,,,0,,,0,,,0,,,0,,,0,,,0,,,0,,,0,,,0,,,0,,,0,,,0,,,0,,,0,,,0,13.49534,0.7912869,False,False,0,0,False,True,206.1259,1,1,0
,,0,,,0,,,0,,,0,,,0,,,0,,,0,,,0,,,0,,,0,,,0,,,0,,,0,,,0,,,0,,,0,,,0,,,0,,,0,,,0,,,0,,,0,,,0,,,0,,,0,,,0,,,0,,,0,,,0,,,0,,,0,,,0,,,0,,,0,,,0,,,0,13.49294,0.7661396,False,False,0,0,False,True,209.8994,1,1,0.1993332
,,0,,,0,,,0,,,0,,,0,,,0,,,0,,,0,,,0,,,0,,,0,,,0,,,0,,,0,,,0,,,0,,,0,,,0,,,0,,,0,,,0,,,0,,,0,,,0,,,0,,,0,,,0,,,0,,,0,,,0,,,0,,,0,,,0,,,0,,,0,,,0,13.48775,0.704657,False,False,0,0,False,True,206.4046,1,1,0.3169292
,,0,,,0,,,0,,,0,,,0,,,0,,,0,,,0,,,0,,,0,,,0,,,0,,,0,,,0,,,0,,,0,,,0,,,0,,,0,,,0,,,0,,,0,,,0,,,0,,,0,,,0,,,0,,,0,,,0,,,0,,,0,,,0,,,0,,,0,,,0,,,0,13.47542,0.635463,False,False,0,0,False,True,210.3151,1,1,0.4796347
,,0,,,0,,,0,,,0,,,0,,,0,,,0,,,0,,,0,,,0,,,0,,,0,,,0,,,0,,,0,,,0,,,0,,,0,,,0,,,0,,,0,,,0,,,0,,,0,,,0,,,0,,,0,,,0,,,0,,,0,,,0,,,0,,,0,,,0,,,0,,,0,13.4789,0.4821185,False,False,0,0,False,True,206.7665,1,1,0.3515012
,,0,,,0,,,0,,,0,,,0,,,0,,,0,,,0,,,0,,,0,,,0,,,0,,,0,,,0,,,0,,,0,,,0,,,0,,,0,,,0,,,0,,,0,,,0,,,0,,,0,,,0,,,0,,,0,,,0,,,0,,,0,,,0,,,0,,,0,,,0,,,0,13.48644,0.3665435,False,False,0,0,False,True,206.7802,1,1,0.1877519
,,0,,,0,,,0,,,0,,,0,,,0,,,0,,,0,,,0,,,0,,,0,,,0,,,0,,,0,,,0,,,0,,,0,,,0,,,0,,,0,,,0,,,0,,,0,,,0,,,0,,,0,,,0,,,0,,,0,,,0,,,0,,,0,,,0,,,0,,,0,,,0,13.49109,0.2152589,False,False,0,0,False,True,207.0703,1,1,0.02415807
,,0,,,0,,,0,,,0,,,0,,,0,,,0,,,0,,,0,,,0,,,0,,,0,,,0,,,0,,,0,,,0,,,0,,,0,,,0,,,0,,,0,,,0,,,0,,,0,,,0,,,0,,,0,,,0,,,0,,,0,,,0,,,0,,,0,,,0,,,0,,,0,13.49283,0.1390872,False,False,0,0,False,True,207.269,1,1,0
,,0,,,0,,,0,,,0,,,0,,,0,,,0,,,0,,,0,,,0,,,0,,,0,,,0,,,0,,,0,,,0,,,0,,,0,,,0,,,0,,,0,,,0,,,0,,,0,,,0,,,0,,,0,,,0,,,0,,,0,,,0,,,0,,,0,,,0,,,0,,,0,13.49358,0.04020249,False,False,0,0,False,True,207.6158,1,1,0.1690596
,,0,,,0,,,0,,,0,,,0,,,0,,,0,,,0,,,0,,,0,,,0,,,0,,,0,,,0,,,0,,,0,,,0,,,0,,,0,,,0,,,0,,,0,,,0,,,0,,,0,,,0,,,0,,,0,,,0,,,0,,,0,,,0,,,0,,,0,,,0,,,0,13.48558,0.03292424,False,False,0,0,False,True,211.735,1,1,0.3384332
,,0,,,0,,,0,,,0,,,0,,,0,,,0,,,0,,,0,,,0,,,0,,,0,,,0,,,0,,,0,,,0,,,0,,,0,,,0,,,0,,,0,,,0,,,0,,,0,,,0,,,0,,,0,,,0,,,0,,,0,,,0,,,0,,,0,,,0,,,0,,,0,13.48975,0.1675145,False,False,0,0,False,True,208.2899,1,1,0.2208405
,,0,,,0,,,0,,,0,,,0,,,0,,,0,,,0,,,0,,,0,,,0,,,0,,,0,,,0,,,0,,,0,,,0,,,0,,,0,,,0,,,0,,,0,,,0,,,0,,,0,,,0,,,0,,,0,,,0,,,0,,,0,,,0,,,0,,,0,,,0,,,0,13.49294,0.2565597,False,False,0,0,False,True,208.5058,1,1,0.05368236
,,0,,,0,,,0,,,0,,,0,,,0,,,0,,,0,,,0,,,0,,,0,,,0,,,0,,,0,,,0,,,0,,,0,,,0,,,0,,,0,,,0,,,0,,,0,,,0,,,0,,,0,,,0,,,0,,,0,,,0,,,0,,,0,,,0,,,0,,,0,,,0,13.49422,0.3594728,False,False,0,0,False,True,209.0152,1,1,0
,,0,,,0,,,0,,,0,,,0,,,0,,,0,,,0,,,0,,,0,,,0,,,0,,,0,,,0,,,0,,,0,,,0,,,0,,,0,,,0,,,0,,,0,,,0,,,0,,,0,,,0,,,0,,,0,,,0,,,0,,,0,,,0,,,0,,,0,,,0,,,0,13.4949,0.4106282,False,False,0,0,False,True,209.1846,1,1,0
,,0,,,0,,,0,,,0,,,0,,,0,,,0,,,0,,,0,,,0,,,0,,,0,,,0,,,0,,,0,,,0,,,0,,,0,,,0,,,0,,,0,,,0,,,0,,,0,,,0,,,0,,,0,,,0,,,0,,,0,,,0,,,0,,,0,,,0,,,0,,,0,13.49528,0.4685974,False,False,0,0,False,True,209.5605,1,1,0
,,0,,,0,,,0,,,0,,,0,,,0,,,0,,,0,,,0,,,0,,,0,,,0,,,0,,,0,,,0,,,0,,,0,,,0,,,0,,,0,,,0,,,0,,,0,,,0,,,0,,,0,,,0,,,0,,,0,,,0,,,0,,,0,,,0,,,0,,,0,,,0,13.49535,0.6271917,False,False,0,0,False,True,209.7781,1,1,0
,,0,,,0,,,0,,,0,,,0,,,0,,,0,,,0,,,0,-1714420,RoadBlock,9.836653,,,0,,,0,,,0,,,0,,,0,,,0,,,0,,,0,,,0,,,0,,,0,,,0,,,0,,,0,,,0,,,0,,,0,,,0,,,0,,,0,,,0,,,0,,,0,,,0,,,0,,,0,13.49538,0.5937005,False,False,0,0,False,True,210.138,1,1,0
,,0,,,0,,,0,,,0,,,0,,,0,,,0,,,0,,,0,-1714420,RoadBlock,9.932938,,,0,,,0,,,0,,,0,,,0,,,0,,,0,,,0,,,0,,,0,,,0,,,0,,,0,,,0,,,0,,,0,,,0,,,0,,,0,,,0,,,0,,,0,,,0,,,0,,,0,,,0,13.49444,0.5714532,False,False,0,0,False,True,210.2983,1,1,0.1364054
,,0,,,0,,,0,,,0,,,0,,,0,,,0,,,0,,,0,,,0,,,0,,,0,,,0,,,0,,,0,,,0,,,0,,,0,,,0,,,0,,,0,,,0,,,0,,,0,,,0,,,0,,,0,,,0,,,0,,,0,,,0,,,0,,,0,,,0,,,0,,,0,13.48764,0.5130497,False,False,0,0,False,True,210.6979,1,1,0.2676557
,,0,,,0,,,0,,,0,,,0,,,0,,,0,,,0,,,0,,,0,-1714420,RoadBlock,9.979322,,,0,,,0,,,0,,,0,,,0,,,0,,,0,,,0,,,0,,,0,,,0,,,0,,,0,,,0,,,0,,,0,,,0,,,0,,,0,,,0,,,0,,,0,,,0,,,0,,,0,13.49302,0.4579409,False,False,0,0,False,True,210.7281,1,1,0.09570575
,,0,,,0,,,0,,,0,,,0,,,0,,,0,,,0,,,0,,,0,,,0,,,0,,,0,,,0,,,0,,,0,,,0,,,0,,,0,,,0,,,0,,,0,,,0,,,0,,,0,,,0,,,0,,,0,,,0,,,0,,,0,,,0,,,0,,,0,,,0,,,0,13.4947,0.3886104,False,False,0,0,False,True,211.1026,1,1,0
,,0,,,0,,,0,,,0,,,0,,,0,,,0,,,0,,,0,,,0,,,0,,,0,,,0,,,0,,,0,,,0,,,0,,,0,,,0,,,0,,,0,,,0,,,0,,,0,,,0,,,0,,,0,,,0,,,0,,,0,,,0,,,0,,,0,,,0,,,0,,,0,13.49514,0.3535306,False,False,0,0,False,True,215.0395,1,1,0
,,0,,,0,,,0,,,0,,,0,,,0,,,0,,,0,,,0,,,0,,,0,,,0,,,0,,,0,,,0,,,0,,,0,,,0,,,0,,,0,,,0,,,0,,,0,,,0,,,0,,,0,,,0,,,0,,,0,,,0,,,0,,,0,,,0,,,0,,,0,,,0,13.49463,0.3082997,False,False,0,0,False,True,211.4031,1,1,0.1291575
,,0,,,0,,,0,,,0,,,0,,,0,,,0,,,0,,,0,,,0,,,0,,,0,,,0,,,0,,,0,,,0,,,0,,,0,,,0,,,0,,,0,,,0,,,0,,,0,,,0,,,0,,,0,,,0,,,0,,,0,,,0,,,0,,,0,,,0,,,0,,,0,13.49024,0.2680303,False,False,0,0,False,True,215.3318,1,1,0.2051589
,,0,,,0,,,0,,,0,,,0,,,0,,,0,,,0,,,0,,,0,,,0,,,0,,,0,,,0,,,0,,,0,,,0,,,0,,,0,,,0,,,0,,,0,,,0,,,0,,,0,,,0,,,0,,,0,,,0,,,0,,,0,,,0,,,0,,,0,,,0,,,0,13.49449,0.1914393,False,False,0,0,False,True,211.6946,1,1,0.07596856
,,0,,,0,,,0,,,0,,,0,,,0,,,0,,,0,,,0,,,0,,,0,,,0,,,0,,,0,,,0,,,0,,,0,,,0,,,0,,,0,,,0,,,0,,,0,,,0,,,0,,,0,,,0,,,0,,,0,,,0,,,0,,,0,,,0,,,0,,,0,,,0,13.49486,0.1484378,False,False,0,0,False,True,215.7011,1,1,0
,,0,,,0,,,0,,,0,,,0,,,0,,,0,,,0,,,0,,,0,,,0,,,0,,,0,,,0,,,0,,,0,,,0,,,0,,,0,,,0,,,0,,,0,,,0,,,0,,,0,,,0,,,0,,,0,,,0,,,0,,,0,,,0,,,0,,,0,,,0,,,0,13.49516,0.09952541,False,False,0,0,False,True,212.0367,1,1,0
,,0,,,0,,,0,,,0,,,0,,,0,,,0,,,0,,,0,,,0,,,0,,,0,,,0,,,0,,,0,,,0,,,0,,,0,,,0,,,0,,,0,,,0,,,0,,,0,,,0,,,0,,,0,,,0,,,0,,,0,,,0,,,0,,,0,,,0,,,0,,,0,13.4953,0.07478237,False,False,0,0,False,True,212.2571,1,1,0
,,0,,,0,,,0,,,0,,,0,,,0,,,0,,,0,,,0,,,0,,,0,,,0,,,0,,,0,,,0,,,0,,,0,,,0,,,0,,,0,,,0,,,0,,,0,,,0,,,0,,,0,,,0,,,0,,,0,,,0,,,0,,,0,,,0,,,0,-1714180,Cube (3),9.899379,,,0,13.49295,0.03368922,False,False,0,0,False,True,212.6392,1,1,0.1685585
,,0,,,0,,,0,,,0,,,0,,,0,,,0,,,0,,,0,,,0,,,0,,,0,,,0,,,0,,,0,,,0,,,0,,,0,,,0,,,0,,,0,,,0,,,0,,,0,,,0,,,0,,,0,,,0,,,0,,,0,,,0,,,0,,,0,,,0,-1714180,Cube (3),9.83861,,,0,13.48418,1.1134,False,False,0,0,False,True,216.7396,1,1,0.3392723
,,0,,,0,,,0,,,0,,,0,,,0,,,0,,,0,,,0,,,0,,,0,,,0,,,0,,,0,,,0,,,0,,,0,,,0,,,0,,,0,,,0,,,0,,,0,,,0,,,0,,,0,,,0,,,0,,,0,,,0,,,0,,,0,,,0,,,0,-1714180,Cube (3),9.925473,,,0,13.47533,0.9989916,False,False,0,0,False,True,213.3517,1,1,0.4538575
,,0,,,0,,,0,,,0,,,0,,,0,,,0,,,0,,,0,,,0,,,0,,,0,,,0,,,0,,,0,,,0,,,0,,,0,,,0,,,0,,,0,,,0,,,0,,,0,,,0,,,0,,,0,,,0,,,0,,,0,,,0,,,0,,,0,,,0,,,0,,,0,13.48401,0.8926319,False,False,0,0,False,True,217.4282,1,1,0.2847847
,,0,,,0,,,0,,,0,,,0,,,0,,,0,,,0,,,0,,,0,,,0,,,0,,,0,,,0,,,0,,,0,,,0,,,0,,,0,,,0,,,0,,,0,,,0,,,0,,,0,,,0,,,0,,,0,,,0,,,0,,,0,,,0,,,0,,,0,,,0,,,0,13.4893,0.7254986,False,False,0,0,False,True,213.9841,1,1,0.153972
,,0,,,0,,,0,,,0,,,0,,,0,,,0,,,0,,,0,,,0,,,0,,,0,,,0,,,0,,,0,,,0,,,0,,,0,,,0,,,0,,,0,,,0,,,0,,,0,,,0,,,0,,,0,,,0,,,0,,,0,,,0,,,0,,,0,,,0,,,0,,,0,13.49125,0.628682,False,False,0,0,False,True,214.1537,1,1,0.09124871
,,0,,,0,,,0,,,0,,,0,,,0,,,0,,,0,,,0,,,0,,,0,,,0,,,0,,,0,,,0,,,0,,,0,,,0,,,0,,,0,,,0,,,0,,,0,,,0,,,0,,,0,,,0,,,0,,,0,,,0,,,0,,,0,,,0,,,0,,,0,,,0,13.49166,0.4989043,False,False,0,0,False,True,214.6401,1,1,0.2195726
,,0,,,0,,,0,,,0,,,0,,,0,,,0,,,0,,,0,,,0,,,0,,,0,,,0,,,0,,,0,,,0,,,0,,,0,,,0,,,0,,,0,,,0,,,0,,,0,,,0,,,0,,,0,,,0,,,0,,,0,,,0,,,0,,,0,,,0,,,0,,,0,13.48648,0.4051504,False,False,0,0,False,True,214.8519,1,1,0.2857836
,,0,,,0,,,0,,,0,,,0,,,0,,,0,,,0,,,0,,,0,,,0,,,0,,,0,,,0,,,0,,,0,,,0,,,0,,,0,,,0,,,0,,,0,,,0,,,0,,,0,,,0,,,0,,,0,,,0,,,0,,,0,,,0,,,0,,,0,,,0,,,0,13.4925,0.2619213,False,False,0,0,False,True,215.3127,1,1,0.1161091
,,0,,,0,,,0,,,0,,,0,,,0,,,0,,,0,,,0,,,0,,,0,,,0,,,0,,,0,,,0,,,0,,,0,,,0,,,0,,,0,,,0,,,0,,,0,,,0,,,0,,,0,,,0,-1714410,RoadBlock,10.00954,,,0,,,0,,,0,,,0,,,0,,,0,,,0,,,0,13.49313,0.181683,False,False,0,0,False,True,215.6136,1,1,0.004609078
,,0,,,0,,,0,,,0,,,0,,,0,,,0,,,0,,,0,,,0,,,0,,,0,,,0,,,0,,,0,,,0,,,0,,,0,,,0,,,0,,,0,,,0,,,0,,,0,,,0,,,0,,,0,-1714410,RoadBlock,9.989562,,,0,,,0,,,0,,,0,,,0,,,0,,,0,,,0,13.49468,0.09170758,False,False,0,0,False,True,216.038,1,1,0
,,0,,,0,,,0,,,0,,,0,,,0,,,0,,,0,,,0,,,0,,,0,,,0,,,0,,,0,,,0,,,0,,,0,,,0,,,0,,,0,,,0,,,0,,,0,,,0,,,0,,,0,,,0,-1714410,RoadBlock,9.981222,,,0,,,0,,,0,,,0,,,0,,,0,,,0,,,0,13.49525,0.04681411,False,False,0,0,False,True,220.0641,1,1,0
,,0,,,0,,,0,,,0,,,0,,,0,,,0,,,0,,,0,,,0,,,0,,,0,,,0,,,0,,,0,,,0,,,0,,,0,,,0,,,0,,,0,,,0,,,0,,,0,,,0,,,0,,,0,-1714410,RoadBlock,9.974125,,,0,,,0,,,0,,,0,,,0,,,0,-1714168,Cube (2),9.867808,,,0,13.49534,0.003427389,False,False,0,0,False,True,216.6231,1,1,0
,,0,,,0,,,0,,,0,,,0,,,0,,,0,,,0,,,0,,,0,,,0,,,0,,,0,,,0,,,0,,,0,,,0,,,0,,,0,,,0,,,0,,,0,,,0,,,0,,,0,,,0,,,0,-1714410,RoadBlock,9.972188,,,0,,,0,,,0,,,0,,,0,,,0,-1714168,Cube (2),9.742512,,,0,13.49537,0.02987115,False,False,0,0,False,True,216.8913,1,1,0
,,0,,,0,,,0,,,0,,,0,,,0,,,0,,,0,,,0,,,0,,,0,,,0,,,0,,,0,,,0,,,0,,,0,,,0,,,0,,,0,,,0,,,0,,,0,,,0,,,0,,,0,,,0,-1714410,RoadBlock,9.976399,,,0,,,0,,,0,,,0,,,0,,,0,-1714168,Cube (2),9.5749,,,0,13.49294,0.07244372,False,False,0,0,False,True,217.3232,1,1,0.169611
,,0,,,0,,,0,,,0,,,0,,,0,,,0,,,0,,,0,,,0,,,0,,,0,,,0,,,0,,,0,,,0,,,0,,,0,,,0,,,0,,,0,,,0,,,0,,,0,,,0,,,0,,,0,-1714410,RoadBlock,9.988812,,,0,,,0,,,0,,,0,,,0,,,0,-1714168,Cube (2),9.529348,,,0,13.48779,0.1184655,False,False,0,0,False,True,217.6132,1,1,0.2906367
,,0,,,0,,,0,,,0,,,0,,,0,,,0,,,0,,,0,,,0,,,0,,,0,,,0,,,0,,,0,,,0,,,0,,,0,,,0,,,0,,,0,,,0,,,0,,,0,,,0,,,0,,,0,,,0,,,0,,,0,,,0,,,0,,,0,,,0,-1714168,Cube (2),9.617546,,,0,13.48704,0.8983365,False,False,0,0,False,True,218.0755,1,1,0.2545789
,,0,,,0,,,0,,,0,,,0,,,0,,,0,,,0,,,0,,,0,,,0,,,0,,,0,,,0,,,0,,,0,,,0,,,0,,,0,,,0,,,0,,,0,,,0,,,0,,,0,,,0,,,0,,,0,,,0,,,0,,,0,,,0,,,0,,,0,-1714168,Cube (2),9.730063,,,0,13.49298,0.817926,False,False,0,0,False,True,222.0576,1,1,0.08732559
,,0,,,0,,,0,,,0,,,0,,,0,,,0,,,0,,,0,,,0,,,0,,,0,,,0,,,0,,,0,,,0,,,0,,,0,,,0,,,0,,,0,,,0,,,0,,,0,,,0,,,0,,,0,,,0,-1714390,RoadBlock,9.960305,,,0,,,0,,,0,,,0,,,0,-1714168,Cube (2),9.880092,,,0,13.49351,0.7129078,False,False,0,0,False,True,218.6841,1,1,0.1221558
,,0,,,0,,,0,,,0,,,0,,,0,,,0,,,0,,,0,,,0,,,0,,,0,,,0,,,0,,,0,,,0,,,0,,,0,,,0,,,0,,,0,,,0,,,0,,,0,,,0,,,0,,,0,-1714390,RoadBlock,9.964731,-1714390,RoadBlock,9.90814,,,0,,,0,,,0,,,0,,,0,-1714156,Cube (1),9.80404,,,0,13.49253,0.6467205,False,False,0,0,False,True,218.9259,1,1,0.2395395
,,0,,,0,,,0,,,0,,,0,,,0,,,0,,,0,,,0,,,0,,,0,,,0,,,0,,,0,,,0,,,0,,,0,,,0,,,0,,,0,,,0,,,0,,,0,,,0,,,0,,,0,,,0,-1714390,RoadBlock,9.872902,-1714390,RoadBlock,9.852916,,,0,,,0,,,0,,,0,,,0,-1714156,Cube (1),9.718717,,,0,13.48486,0.5262729,False,False,0,0,False,True,219.3117,1,1,0.3034782
,,0,,,0,,,0,,,0,,,0,,,0,,,0,,,0,,,0,,,0,,,0,,,0,,,0,,,0,,,0,,,0,,,0,,,0,,,0,,,0,,,0,,,0,,,0,,,0,,,0,,,0,,,0,-1714390,RoadBlock,9.82527,-1714390,RoadBlock,9.832775,,,0,,,0,,,0,,,0,,,0,-1714156,Cube (1),9.709573,,,0,13.49194,0.4346104,False,False,0,0,False,True,223.2341,1,1,0.1367752
,,0,,,0,,,0,,,0,,,0,,,0,,,0,,,0,,,0,,,0,,,0,,,0,,,0,,,0,,,0,,,0,,,0,,,0,,,0,,,0,,,0,,,0,,,0,,,0,,,0,,,0,,,0,-1714390,RoadBlock,9.771175,-1714390,RoadBlock,9.815291,,,0,,,0,,,0,,,0,,,0,-1714156,Cube (1),9.682479,,,0,13.49292,0.3117667,False,False,0,0,False,True,219.9593,1,1,0.01002561
,,0,,,0,,,0,,,0,,,0,,,0,,,0,,,0,,,0,,,0,,,0,,,0,,,0,,,0,,,0,,,0,,,0,,,0,,,0,,,0,,,0,,,0,,,0,,,0,,,0,,,0,-1714390,RoadBlock,9.981565,-1714390,RoadBlock,9.742857,-1714390,RoadBlock,9.805328,,,0,,,0,,,0,,,0,,,0,-1714156,Cube (1),9.621298,,,0,13.49456,0.2498347,False,False,0,0,False,True,223.8963,1,1,0
,,0,,,0,,,0,,,0,,,0,,,0,,,0,,,0,,,0,,,0,,,0,,,0,,,0,,,0,,,0,,,0,,,0,,,0,,,0,,,0,,,0,,,0,,,0,,,0,,,0,,,0,-1714390,RoadBlock,9.924356,-1714390,RoadBlock,9.709658,-1714390,RoadBlock,9.794343,,,0,,,0,,,0,,,0,,,0,-1714156,Cube (1),9.492767,,,0,13.49484,0.1745632,False,False,0,0,False,True,220.6606,1,1,0.117259
,,0,,,0,,,0,,,0,,,0,,,0,,,0,,,0,,,0,,,0,,,0,,,0,,,0,,,0,,,0,,,0,,,0,,,0,,,0,,,0,,,0,,,0,,,0,,,0,,,0,,,0,-1714390,RoadBlock,9.893621,-1714390,RoadBlock,9.696047,-1714390,RoadBlock,9.797061,,,0,,,0,,,0,,,0,,,0,-1714156,Cube (1),9.431865,,,0,13.49148,0.1195515,False,False,0,0,False,True,220.8353,1,1,0.2853504
,,0,,,0,,,0,,,0,,,0,,,0,,,0,,,0,,,0,,,0,,,0,,,0,,,0,,,0,,,0,,,0,,,0,,,0,,,0,,,0,,,0,,,0,,,0,,,0,,,0,,,0,-1714390,RoadBlock,9.859144,-1714390,RoadBlock,9.696491,-1714390,RoadBlock,9.831984,,,0,,,0,,,0,,,0,,,0,-1714156,Cube (1),9.463678,,,0,13.48097,0.005234657,False,False,0,0,False,True,221.1872,1,1,0.4558814
,,0,,,0,,,0,,,0,,,0,,,0,,,0,,,0,,,0,,,0,,,0,,,0,,,0,,,0,,,0,,,0,,,0,,,0,,,0,,,0,,,0,,,0,,,0,,,0,,,0,,,0,-1714390,RoadBlock,9.847631,-1714390,RoadBlock,9.716442,-1714390,RoadBlock,9.88407,,,0,,,0,,,0,,,0,,,0,-1714156,Cube (1),9.604473,,,0,13.47793,0.1005814,False,False,0,0,False,True,221.3718,1,1,0.3267272
,,0,,,0,,,0,,,0,,,0,,,0,,,0,,,0,,,0,,,0,,,0,,,0,,,0,,,0,,,0,,,0,,,0,,,0,,,0,,,0,,,0,,,0,,,0,,,0,,,0,,,0,-1714390,RoadBlock,9.854935,-1714390,RoadBlock,9.773927,-1714390,RoadBlock,9.994399,,,0,,,0,,,0,,,0,,,0,-1714156,Cube (1),9.918077,,,0,13.48936,0.2692611,False,False,0,0,False,True,221.6985,1,1,0.161629
,,0,,,0,,,0,,,0,,,0,,,0,,,0,,,0,,,0,,,0,,,0,,,0,,,0,,,0,,,0,,,0,,,0,,,0,,,0,,,0,,,0,,,0,,,0,,,0,,,0,,,0,-1714390,RoadBlock,9.875728,-1714390,RoadBlock,9.824117,,,0,,,0,,,0,,,0,,,0,,,0,,,0,,,0,13.49159,0.3681595,False,False,0,0,False,True,221.9133,1,1,0.0433876
,,0,,,0,,,0,,,0,,,0,,,0,,,0,,,0,,,0,,,0,,,0,,,0,,,0,,,0,,,0,,,0,,,0,,,0,,,0,,,0,,,0,,,0,,,0,,,0,,,0,,,0,-1714390,RoadBlock,9.92693,-1714390,RoadBlock,9.914979,,,0,,,0,,,0,,,0,,,0,,,0,,,0,,,0,13.49179,0.5007389,False,False,0,0,False,True,222.2568,1,1,0.2198767
,,0,,,0,,,0,,,0,,,0,,,0,,,0,,,0,,,0,,,0,,,0,,,0,,,0,,,0,,,0,,,0,,,0,,,0,,,0,,,0,,,0,,,0,,,0,,,0,,,0,,,0,-1714390,RoadBlock,9.975406,-1714390,RoadBlock,9.992395,,,0,,,0,,,0,,,0,,,0,,,0,,,0,,,0,13.48256,0.5961717,False,False,0,0,False,True,226.084,1,1,0.3835854
,,0,,,0,,,0,,,0,,,0,,,0,,,0,,,0,,,0,,,0,,,0,,,0,,,0,,,0,,,0,,,0,,,0,,,0,,,0,,,0,,,0,,,0,,,0,,,0,,,0,,,0,,,0,,,0,,,0,,,0,,,0,,,0,,,0,,,0,,,0,,,0,13.48699,0.3611189,False,False,0,0,False,True,222.8254,1,1,0.2657094
,,0,,,0,,,0,,,0,,,0,,,0,,,0,,,0,,,0,,,0,,,0,,,0,,,0,,,0,,,0,,,0,,,0,,,0,,,0,,,0,,,0,,,0,,,0,,,0,,,0,,,0,,,0,,,0,,,0,,,0,,,0,,,0,,,0,,,0,,,0,,,0,13.491,0.2496147,False,False,0,0,False,True,222.9397,1,1,0.1036887
,,0,,,0,,,0,,,0,,,0,,,0,,,0,,,0,,,0,,,0,,,0,,,0,,,0,,,0,,,0,,,0,,,0,,,0,,,0,,,0,,,0,,,0,,,0,,,0,,,0,,,0,,,0,,,0,,,0,,,0,,,0,,,0,,,0,,,0,,,0,,,0,13.49282,0.1172197,False,False,0,0,False,True,223.2174,1,1,0
,,0,,,0,,,0,,,0,,,0,,,0,,,0,,,0,,,0,,,0,,,0,,,0,,,0,,,0,,,0,,,0,,,0,,,0,,,0,,,0,,,0,,,0,,,0,,,0,,,0,,,0,,,0,,,0,,,0,,,0,,,0,,,0,,,0,,,0,,,0,,,0,13.4944,0.05196408,False,False,0,0,False,True,223.381,1,1,0
,,0,,,0,,,0,,,0,,,0,,,0,,,0,,,0,,,0,,,0,,,0,,,0,,,0,,,0,,,0,,,0,,,0,,,0,,,0,,,0,,,0,,,0,,,0,,,0,,,0,,,0,,,0,,,0,,,0,,,0,,,0,,,0,,,0,,,0,,,0,,,0,13.49518,0.02139898,False,False,0,0,False,True,223.6525,1,1,0
,,0,,,0,,,0,,,0,,,0,,,0,,,0,,,0,,,0,,,0,,,0,,,0,,,0,,,0,,,0,,,0,,,0,,,0,,,0,,,0,,,0,,,0,,,0,,,0,,,0,,,0,,,0,,,0,,,0,,,0,,,0,,,0,,,0,,,0,,,0,,,0,13.49342,0.06361228,False,False,0,0,False,True,227.3799,1,1,0.1702105
,,0,,,0,,,0,,,0,,,0,,,0,,,0,,,0,,,0,,,0,,,0,,,0,,,0,,,0,,,0,,,0,,,0,,,0,,,0,,,0,,,0,,,0,,,0,,,0,,,0,,,0,,,0,,,0,,,0,,,0,,,0,,,0,,,0,,,0,,,0,,,0,13.48841,0.1438861,False,False,0,0,False,True,224.1455,1,1,0.2864991
,,0,,,0,,,0,,,0,,,0,,,0,,,0,,,0,,,0,,,0,,,0,,,0,,,0,,,0,,,0,,,0,,,0,,,0,,,0,,,0,,,0,,,0,,,0,,,0,,,0,,,0,,,0,,,0,,,0,,,0,,,0,,,0,,,0,,,0,,,0,,,0,13.49241,0.2115351,False,False,0,0,False,True,224.2755,1,1,0.1176134
,,0,,,0,,,0,,,0,,,0,,,0,,,0,,,0,,,0,,,0,,,0,,,0,,,0,,,0,,,0,,,0,,,0,,,0,,,0,,,0,,,0,,,0,,,0,,,0,,,0,,,0,,,0,,,0,,,0,,,0,,,0,,,0,,,0,,,0,,,0,,,0,13.4946,0.2995653,False,False,0,0,False,True,224.5566,1,1,0
,,0,,,0,,,0,,,0,,,0,,,0,,,0,,,0,,,0,,,0,,,0,,,0,,,0,,,0,,,0,,,0,,,0,,,0,,,0,,,0,,,0,,,0,,,0,,,0,,,0,,,0,,,0,,,0,,,0,,,0,,,0,,,0,,,0,,,0,,,0,,,0,13.495,-5.843202,False,False,0,0,False,True,224.7279,1,1,0
,,0,,,0,,,0,,,0,,,0,,,0,,,0,,,0,,,0,,,0,,,0,,,0,,,0,,,0,,,0,,,0,,,0,,,0,,,0,,,0,,,0,,,0,,,0,,,0,,,0,,,0,,,0,,,0,,,0,,,0,,,0,,,0,,,0,,,0,,,0,,,0,13.49337,-5.779459,False,False,0,0,False,True,224.9637,1,1,0.1680378
,,0,,,0,,,0,,,0,,,0,,,0,,,0,,,0,,,0,,,0,,,0,,,0,,,0,,,0,,,0,,,0,,,0,,,0,,,0,,,0,,,0,,,0,,,0,,,0,,,0,,,0,,,0,,,0,,,0,,,0,,,0,,,0,,,0,,,0,,,0,,,0,13.48479,-5.723275,False,False,0,0,False,True,228.6057,1,1,0.3341971
,,0,,,0,,,0,,,0,,,0,,,0,,,0,,,0,,,0,,,0,,,0,,,0,,,0,,,0,,,0,,,0,,,0,,,0,,,0,,,0,,,0,,,0,,,0,,,0,,,0,,,0,,,0,,,0,,,0,,,0,,,0,,,0,,,0,,,0,,,0,,,0,13.49076,-5.60914,False,False,0,0,False,True,225.2953,1,1,0.1982162
,,0,,,0,,,0,,,0,,,0,,,0,,,0,,,0,,,0,,,0,,,0,,,0,,,0,,,0,,,0,,,0,,,0,,,0,,,0,,,0,,,0,,,0,,,0,,,0,,,0,,,0,,,0,,,0,,,0,,,0,,,0,,,0,,,0,,,0,,,0,,,0,13.49363,-5.533035,False,False,0,0,False,True,228.9421,1,1,0.02961941
,,0,,,0,,,0,,,0,,,0,,,0,,,0,,,0,,,0,,,0,,,0,,,0,,,0,,,0,,,0,,,0,,,0,,,0,,,0,,,0,,,0,,,0,,,0,,,0,,,0,,,0,,,0,,,0,,,0,,,0,,,0,,,0,,,0,,,0,,,0,,,0,13.49411,0.7449482,False,False,0,0,False,True,225.7179,1,1,0
,,0,,,0,,,0,,,0,,,0,,,0,,,0,,,0,,,0,,,0,,,0,,,0,,,0,,,0,,,0,,,0,,,0,,,0,,,0,,,0,,,0,,,0,,,0,,,0,,,0,,,0,,,0,,,0,,,0,,,0,,,0,,,0,,,0,,,0,,,0,,,0,13.49349,0.329491,False,False,0,0,False,True,229.3763,1,1,0.1679109
,,0,,,0,,,0,,,0,,,0,,,0,,,0,,,0,,,0,,,0,,,0,,,0,,,0,,,0,,,0,,,0,,,0,,,0,,,0,,,0,,,0,,,0,,,0,,,0,,,0,,,0,,,0,,,0,,,0,,,0,,,0,,,0,,,0,,,0,,,0,,,0,13.4951,0.2523605,False,False,0,0,False,True,226.1312,1,1,0.03908924
,,0,,,0,,,0,,,0,,,0,,,0,,,0,,,0,,,0,,,0,,,0,,,0,,,0,,,0,,,0,,,0,,,0,,,0,,,0,,,0,,,0,,,0,,,0,,,0,,,0,,,0,,,0,,,0,,,0,,,0,,,0,,,0,,,0,,,0,,,0,,,0,13.49493,0.2112113,False,False,0,0,False,True,226.1927,1,1,0
,,0,,,0,,,0,,,0,,,0,,,0,,,0,,,0,,,0,,,0,,,0,,,0,,,0,,,0,,,0,,,0,,,0,,,0,,,0,,,0,,,0,,,0,,,0,,,0,,,0,,,0,,,0,,,0,,,0,,,0,,,0,,,0,,,0,,,0,,,0,,,0,13.4953,0.1643425,False,False,0,0,False,True,226.4017,1,1,0
,,0,,,0,,,0,,,0,,,0,,,0,,,0,,,0,,,0,,,0,,,0,,,0,,,0,,,0,,,0,,,0,,,0,,,0,,,0,,,0,,,0,,,0,,,0,,,0,,,0,,,0,,,0,,,0,,,0,,,0,,,0,,,0,,,0,,,0,,,0,,,0,13.49536,0.1405981,False,False,0,0,False,True,226.5217,1,1,0
,,0,,,0,,,0,,,0,,,0,,,0,,,0,,,0,,,0,,,0,,,0,,,0,,,0,,,0,,,0,,,0,,,0,,,0,,,0,,,0,,,0,,,0,,,0,,,0,,,0,,,0,,,0,,,0,,,0,,,0,,,0,,,0,,,0,,,0,,,0,,,0,13.49538,0.1132978,False,False,0,0,False,True,226.7286,1,1,0
,,0,,,0,,,0,,,0,,,0,,,0,,,0,,,0,,,0,,,0,,,0,,,0,,,0,,,0,,,0,,,0,,,0,,,0,,,0,,,0,,,0,,,0,,,0,,,0,,,0,,,0,,,0,,,0,,,0,,,0,,,0,,,0,,,0,,,0,,,0,,,0,13.49537,0.09936696,False,False,0,0,False,True,230.3208,1,1,0
,,0,,,0,,,0,,,0,,,0,,,0,,,0,,,0,,,0,,,0,,,0,,,0,,,0,,,0,,,0,,,0,,,0,,,0,,,0,,,0,,,0,,,0,,,0,,,0,,,0,,,0,,,0,,,0,,,0,,,0,,,0,,,0,,,0,,,0,,,0,,,0,13.49537,0.08332284,False,False,0,0,False,True,227.1138,1,1,0
,,0,,,0,,,0,,,0,,,0,,,0,,,0,,,0,,,0,,,0,,,0,,,0,,,0,,,0,,,0,,,0,,,0,,,0,,,0,,,0,,,0,,,0,,,0,,,0,,,0,,,0,,,0,,,0,,,0,,,0,,,0,,,0,,,0,,,0,,,0,,,0,13.49425,0.06974579,False,False,0,0,False,True,227.2126,1,1,0.1680968
,,0,,,0,,,0,,,0,,,0,,,0,,,0,,,0,,,0,,,0,,,0,,,0,,,0,,,0,,,0,,,0,,,0,,,0,,,0,,,0,,,0,,,0,,,0,,,0,,,0,,,0,,,0,,,0,,,0,,,0,,,0,,,0,,,0,,,0,,,0,,,0,13.48729,0.02121457,False,False,0,0,False,True,227.4438,1,1,0.3356029
,,0,,,0,,,0,,,0,,,0,,,0,,,0,,,0,,,0,,,0,,,0,,,0,,,0,,,0,,,0,,,0,,,0,,,0,,,0,,,0,,,0,,,0,,,0,,,0,,,0,,,0,,,0,,,0,,,0,,,0,,,0,,,0,,,0,,,0,,,0,,,0,13.48729,0.03642403,False,False,0,0,False,True,227.5438,1,1,0.2038088
,,0,,,0,,,0,,,0,,,0,,,0,,,0,,,0,,,0,,,0,,,0,,,0,,,0,,,0,,,0,,,0,,,0,,,0,,,0,,,0,,,0,,,0,,,0,,,0,,,0,,,0,,,0,,,0,,,0,,,0,,,0,,,0,,,0,,,0,,,0,,,0,13.49343,0.1279786,False,False,0,0,False,True,227.7183,1,1,0.03915596
,,0,,,0,,,0,,,0,,,0,,,0,,,0,,,0,,,0,,,0,,,0,,,0,,,0,,,0,,,0,,,0,,,0,,,0,,,0,,,0,,,0,,,0,,,0,,,0,,,0,,,0,,,0,,,0,,,0,,,0,,,0,,,0,,,0,,,0,,,0,,,0,13.49394,0.1769798,False,False,0,0,False,True,227.8091,1,1,0
,,0,,,0,,,0,,,0,,,0,,,0,,,0,,,0,,,0,,,0,,,0,,,0,,,0,,,0,,,0,,,0,,,0,,,0,,,0,,,0,,,0,,,0,,,0,,,0,,,0,,,0,,,0,,,0,,,0,,,0,,,0,,,0,,,0,,,0,,,0,,,0,13.43559,0.2368436,False,False,0,0,False,True,227.9744,1,1,0
,,0,,,0,,,0,,,0,,,0,,,0,,,0,,,0,,,0,,,0,,,0,,,0,,,0,,,0,,,0,,,0,,,0,,,0,,,0,,,0,,,0,,,0,,,0,,,0,,,0,,,0,,,0,,,0,,,0,,,0,,,0,,,0,,,0,,,0,,,0,,,0,13.43769,9,False,False,0,0,False,True,231.5057,1,1,0
,,0,,,0,,,0,,,0,,,0,,,0,,,0,,,0,,,0,,,0,,,0,,,0,,,0,,,0,,,0,,,0,,,0,,,0,,,0,,,0,,,0,,,0,,,0,,,0,,,0,,,0,,,0,,,0,,,0,,,0,,,0,,,0,,,0,,,0,,,0,,,0,13.37747,9,False,False,0,0,False,True,228.2716,1,0,0
,,0,,,0,,,0,,,0,,,0,,,0,,,0,,,0,,,0,,,0,,,0,,,0,,,0,,,0,,,0,,,0,,,0,,,0,,,0,,,0,,,0,,,0,,,0,,,0,,,0,,,0,,,0,,,0,,,0,,,0,,,0,,,0,,,0,,,0,,,0,,,0,13.32645,9,False,False,0,0,False,True,231.8474,1,0,0
